"V1"
0
0
0
0
0
0
0
0
0
0
0
0
0
0
0
0
0
0
0
0
0
0
0
0
0
0
0
0
NA
NA
NA
0
0
0
0
0
0
0
0
0
0
0
0
0
0
0
0
0
0
0
0
0
0
0
0.0224719101123595
0.0192307692307692
0.0216216216216216
0.0192307692307692
0.0182648401826484
0.0179372197309417
0.0173160173160173
0.0171673819742489
0.0170212765957447
0.0170212765957447
0.0140350877192982
0.013986013986014
0.0130890052356021
0.0130890052356021
0.0130208333333333
0.0130208333333333
0.0130208333333333
0.0129533678756477
0.0127551020408163
0.014957264957265
0.0186721991701245
0.0185567010309278
0.0214007782101167
0.0210727969348659
0.0208728652751423
0.0203389830508475
0.0201342281879195
0.0200333889816361
0.0213114754098361
0.0205696202531646
0.0205371248025276
0.0182841068917018
0.0185185185185185
0.0183276059564719
0.017718715393134
0.0176991150442478
0.0176715176715177
0.0176715176715177
0.0176715176715177
0.0176715176715177
0.017364657814096
0.0184824902723735
0.0182692307692308
0.0188146754468485
0.0186741363211951
