"V1"
0.75
0.75
0.5
0.428571428571429
0.454545454545455
0.315789473684211
0.368421052631579
0.45
0.428571428571429
0.409090909090909
0.44
0.448275862068966
0.411764705882353
0.4
0.394736842105263
0.431818181818182
0.358208955223881
0.382716049382716
0.358695652173913
0.357894736842105
0.354166666666667
0.360824742268041
0.341666666666667
0.345588235294118
0.346938775510204
0.341772151898734
0.351190476190476
0.331491712707182
0.279527559055118
0.287769784172662
0.286713286713287
0.285234899328859
0.290322580645161
0.287037037037037
0.293447293447293
0.256728778467909
0.252688172043011
0.253054101221641
0.259896729776248
0.262910798122066
0.263703703703704
0.250965250965251
0.250632911392405
0.249687890137328
0.250308261405672
0.256869772998805
0.258177570093458
0.262485481997677
0.265895953757225
0.266219239373602
0.262926292629263
0.263157894736842
0.258638743455497
0.256701030927835
0.255255255255255
0.245445829338447
0.247191011235955
0.246167718665464
0.245689655172414
0.246598639455782
0.255230125523013
0.255102040816327
0.255650818394388
0.25823754789272
0.256564141035259
0.26
0.256983240223464
0.259361997226075
0.260958904109589
0.260723860589812
0.262
0.261968085106383
0.262849707221861
0.261198738170347
0.259675405742821
0.25990099009901
0.260816575258988
0.263285024154589
0.26602756141402
0.267256637168142
0.267950963222417
0.266742987979393
0.2734375
0.272340425531915
0.276529012023001
0.274812967581047
0.269395525940029
0.273069679849341
0.274447949526814
0.273548387096774
0.271512113617377
0.274365274365274
0.276043777867856
0.278334000800961
0.28015873015873
0.279654359780047
0.2859375
0.283560132401618
0.278986799857296
