"V1"
0.5
0.5
0.5
0.428571428571429
0.363636363636364
0.263157894736842
0.263157894736842
0.25
0.238095238095238
0.227272727272727
0.2
0.172413793103448
0.176470588235294
0.171428571428571
0.157894736842105
0.159090909090909
0.104477611940299
0.0864197530864197
0.0760869565217391
0.0736842105263158
0.0729166666666667
0.0721649484536082
0.0583333333333333
0.0514705882352941
0.0476190476190476
0.0443037974683544
0.0416666666666667
0.0386740331491713
0.0393700787401575
0.039568345323741
0.041958041958042
0.0402684563758389
0.0387096774193548
0.0401234567901235
0.0398860398860399
0.041407867494824
0.03584229390681
0.0366492146596859
0.036144578313253
0.0344287949921753
0.0340740740740741
0.0308880308880309
0.030379746835443
0.031210986267166
0.032059186189889
0.031063321385902
0.0327102803738318
0.032520325203252
0.0323699421965318
0.0335570469798658
0.033003300330033
0.0322234156820623
0.0324607329842932
0.0319587628865979
0.031031031031031
0.0306807286673058
0.0299625468164794
0.0324616771866546
0.0318965517241379
0.0314625850340136
0.0317991631799163
0.0306122448979592
0.0303975058456742
0.0306513409961686
0.0307576894223556
0.0303703703703704
0.0286312849162011
0.029126213592233
0.0294520547945205
0.0288203753351206
0.0286666666666667
0.0285904255319149
0.0279765777488614
0.0271293375394322
0.0268414481897628
0.0266089108910891
0.0262035344302255
0.0259661835748792
0.0257639304973038
0.0253687315634218
0.0251021599532983
0.0246136233543217
0.0245535714285714
0.025531914893617
0.0250914793518035
0.0259351620947631
0.0252260828177059
0.0249529190207156
0.0243352861649392
0.0240860215053763
0.0238095238095238
0.0241605241605242
0.0243210376976084
0.0240288346015218
0.0238095238095238
0.0239591516103692
0.02421875
0.0250091945568224
0.0253300035676061
