"V1"
0
0
NA
NA
NA
0.222222222222222
0.222222222222222
0.222222222222222
0.2
0.181818181818182
0.181818181818182
0.181818181818182
0.153846153846154
0.153846153846154
0.142857142857143
0.142857142857143
0.142857142857143
0.142857142857143
0.142857142857143
0.142857142857143
0.142857142857143
0.142857142857143
0.133333333333333
0.0869565217391304
0.0869565217391304
0.0833333333333333
0.0625
0.0606060606060606
0.0555555555555556
0.0555555555555556
0.0555555555555556
0.0540540540540541
0.05
0.0476190476190476
0.0476190476190476
0.0476190476190476
0.0454545454545455
0.0444444444444444
0.0444444444444444
0.0444444444444444
0.0444444444444444
0.0434782608695652
0.0434782608695652
0.0434782608695652
0.0434782608695652
0.0425531914893617
0.0425531914893617
0.0416666666666667
0.0363636363636364
0.0363636363636364
0.0357142857142857
0.0350877192982456
0.0333333333333333
0.0298507462686567
0.032
0.0208333333333333
0.0180995475113122
0.0163934426229508
0.0156862745098039
0.0154440154440154
0.0149812734082397
0.0148698884758364
0.014760147601476
0.014760147601476
0.0155763239875389
0.015527950310559
0.0143540669856459
0.0143540669856459
0.0142857142857143
0.0142857142857143
0.0142857142857143
0.014218009478673
0.014018691588785
0.0138888888888889
0.0135135135135135
0.0153550863723608
0.0145454545454545
0.014336917562724
0.0142095914742451
0.0159744408945687
0.0158227848101266
0.015748031496063
0.0154798761609907
0.0149700598802395
0.0149476831091181
0.0133868808567604
0.0122222222222222
0.0121012101210121
0.0117145899893504
0.0117021276595745
0.0130260521042084
0.0130260521042084
0.0130260521042084
0.0130260521042084
0.0137931034482759
0.0140977443609023
0.0148698884758364
0.0154686078252957
0.016260162601626
