"R"	"M"	"K"	"name"	"site"	"abn"	"block"	"bvalue"
"1"	0.0595560488817297	-0.0152755946157536	-0.0172192028531725	"IR3519"	4394502	5	1	0.0488175172841066
"2"	0.0166019224912374	-0.0402038017421801	-0.00264575308409617	"yjfO"	4394713	9	1	0.0488175172841066
"3"	0.0207401020638705	-0.0161340297701691	-0.00613467501092136	"IR1767"	2177665	2	2	0.0485603090861818
"4"	0.0578337114269523	0.00777491181900192	0.0189935241119646	"yohF"	2177781	3	2	0.0485603090861818
"5"	0.0492367823296801	-0.00723136363967675	-0.0415291940909382	"ECB_01535"	1621626	4	3	0.0415060675520145
"6"	0.0183139232190177	-0.0237767329998966	-0.0186951964213834	"ECB_01537"	1622898	8	3	0.0415060675520145
"7"	0.045121405824774	NA	-0.0453170042322707	"IR239"	313770	2	4	0.039340632484124
"8"	0.021998312462174	-0.0193130240001466	NA	"IR240"	315186	4	4	0.039340632484124
"9"	0.0375644328323515	-0.0337664511434971	-0.0513440185571727	"yihL"	4039284	9	109	0.0392411529236792
"10"	0.0398000596207884	-0.00682793040056435	-0.00748137746975644	"yihN"	4040724	4	109	0.0392411529236792
"11"	0.0326506187234434	-0.0239311239096666	-0.075900064292204	"ykgJ"	274036	3	6	0.037771239248253
"12"	0.04052584444341	-0.0156778977481308	-0.025019686015458	"sfmC"	531414	6	7	0.035034317489017
"13"	0.018559736625838	0.00789656868165954	-0.013867266528598	"sfmD"	532725	31	7	0.035034317489017
"14"	0.0152380584034849	-0.00248576184725203	0.00461148552961988	"tdcG"	3192253	29	110	0.0349748470035168
"15"	0.0415537765368607	-0.00710220151058365	-0.00531856610745465	"tdcA"	3199829	6	110	0.0349748470035168
"16"	0.0454739060449857	-0.0137314625071552	-0.0472659612783869	"glnK"	444666	3	9	0.0347108292047492
"17"	0.0234892299373338	-0.0044635163413173	-0.017036578450797	"tesB"	446381	7	9	0.0347108292047492
"18"	0.0315593962646323	0.0162036288105789	-0.00392359552780138	"ygfF"	2931444	5	10	0.0342197530964783
"19"	0.0351065387070936	-0.0482504021767539	-0.0216193128573589	"gcvH"	2934913	8	10	0.0342197530964783
"20"	0.0155383676480707	-0.00949052698310183	-0.000596515121479839	"sufE"	1736142	4	111	0.0340490756480887
"21"	0.0402193116480947	-0.0127243699662448	-0.0315639714863463	"sufA"	1741490	4	111	0.0340490756480887
"22"	0.0281917496996025	-0.00224862994392355	0.00264943533471595	"narU"	1517289	12	12	0.0335780656250433
"23"	0.0375632795727122	0.0163268267261927	-0.0141867383874976	"yebK"	1915344	9	112	0.0335430482362954
"24"	0.0214823542270451	-0.0196308456902096	-0.00314176824530673	"pykA"	1917274	17	112	0.0335430482362954
"25"	0.0154417056431064	-0.029334715913768	-0.0266073435335472	"yagP"	267568	9	14	0.0326041301665808
"26"	0.0383249383410722	-0.00358575081853917	0.00138239295574113	"yagQ"	268612	6	14	0.0326041301665808
"27"	0.0424264129463703	-0.0082452487148108	-0.0141926661195185	"ssuD"	1012824	6	15	0.0325740720818027
"28"	0.0227217312172351	-0.00977152391909514	-0.000929044772876987	"ssuA"	1013737	16	15	0.0325740720818027
"29"	0.0215464967136252	-0.0146936565487667	-0.0112068856385987	"ssuE"	1014376	3	15	0.0325740720818027
"30"	0.0275022063211772	-0.0280801795155393	0.00659542202044367	"yeaT"	1859802	7	16	0.0323855204335963
"31"	0.0415152242506748	0.0113942324982881	-0.0389747933790906	"ulaC"	4400263	4	17	0.0323314653045413
"32"	0.0199149145193732	-0.00159917991635832	-0.0102325412065743	"yjfY"	4402671	13	17	0.0323314653045413
"33"	0.0304863153762445	-0.0159723107317958	-0.0133596847278417	"yniB"	1786242	4	131	0.0321162347930116
"34"	0.0152107054698438	-0.0106716356812088	0.0267384917702551	"yniC"	1787102	6	131	0.0321162347930116
"35"	0.0337461542097787	-0.00421668759566839	-0.00174679690620693	"ydjM"	1787717	8	131	0.0321162347930116
"36"	0.0333232515843685	-0.00159982829355513	-0.00572622125639922	"IR1535"	1880186	9	19	0.0317484189205121
"37"	0.0270239209289428	0.00985442064571935	-0.00948523203627489	"manX"	1881285	17	19	0.0317484189205121
"38"	0.027077932009602	0.00276667374897695	-0.0128237549244074	"xylH"	3664980	17	114	0.0300594382189076
"39"	0.0157886437102831	-0.000694634741614352	0.00355632374165487	"yccS"	1038890	30	115	0.0299036718921966
"40"	0.0346086812861677	-0.00330168532120478	0.00311015506551228	"helD"	1042407	10	115	0.0299036718921966
"41"	0.0179769156814723	0.00882248881707114	-0.0255833749312376	"ygbJ"	2756917	7	22	0.0297891131035585
"42"	0.0337265122442539	-0.0318621531872204	-0.0153309202387894	"ygbK"	2757287	15	22	0.0297891131035585
"43"	0.0287351417101108	-0.0124078210252018	-0.0298454331315918	"yfbH"	2317169	10	23	0.0292863963794069
"44"	0.029470147935839	-0.0140365312378197	-0.00650340725442765	"yfbW"	2319278	2	23	0.0292863963794069
"45"	0.0284064885711423	-0.0140265012602229	0.0360129754789743	"agaV"	3213146	6	24	0.0292499049837849
"46"	0.0201228347973657	-0.004616244706934	-0.0101147521107996	"citG"	629049	6	25	0.0289897385192948
"47"	0.0319453730932712	-0.027205045069263	0.0016966058554719	"citC"	632913	6	25	0.0289897385192948
"48"	0.0231490007753919	0.0122001018902717	-0.00504729760020078	"ybdL"	616695	13	26	0.0288538246095745
"49"	0.030755432554302	-0.00349581958127934	-0.0322010609635279	"ibrB"	617671	9	26	0.0288538246095745
"50"	0.0321312311391061	NA	-0.0145845129103881	"mokC"	16931	4	27	0.0287618742783373
"51"	0.018653803696031	-0.0162967138826972	-0.00192795000911463	"nhaR"	18728	23	27	0.0287618742783373
"52"	0.0155184394541983	-0.00623809879277977	0.0103368702975609	"ybjT"	923560	15	28	0.0282854359299236
"53"	0.032541101421832	0.00204213079105364	0.0470619881662218	"IR726"	926012	4	28	0.0282854359299236
"54"	0.0287813505448898	-5.76342832286397e-05	-0.00126432859776973	"ECB_02875"	3081289	7	29	0.028112776499189
"55"	0.0261070543620866	0.0117624107856556	0.00571695814425555	"yghZ"	3082459	10	29	0.028112776499189
"56"	0.032589613571554	-0.0187450538633105	-0.0126174938455353	"yhjB"	3601236	9	116	0.0280603643656308
"57"	0.0235311151597076	-0.0214677454747176	-0.0233901944233823	"IR2895"	3601549	9	116	0.0280603643656308
"58"	0.0157447343530948	0.000486535637814915	-0.00756250106375809	"yhjC"	3602015	8	116	0.0280603643656308
"59"	0.017078755182598	-0.00429371159870335	0.000359498181387084	"ECB_01994"	2106182	34	31	0.0279829318769761
"60"	0.0316176574417688	-0.0163110489728988	-0.00276153694071904	"ECB_01995"	2108121	8	31	0.0279829318769761
"61"	0.0273889540549543	0.00555835129890533	0.0023567074453372	"yfcC"	2361239	7	32	0.0276738019627254
"62"	0.0277687512653157	-0.0398050547618027	-0.0339044206873318	"yfcD"	2362449	4	32	0.0276738019627254
"63"	0.0304635283678767	NA	0.0201331225764319	"IR1029"	1298612	8	33	0.027672126904647
"64"	0.019297922514958	-0.0164260972415352	0.00546209353498465	"oppF"	1304040	14	33	0.027672126904647
"65"	0.0247846555418832	-0.033314199646567	-0.00333745089790394	"nlpA"	3799110	7	34	0.0272979083641896
"66"	0.0272721066128426	0.00694275735291645	-0.0109386104836355	"yfcI"	2366242	12	117	0.0272721066128426
"67"	0.0183424423419941	-0.0127216931285195	-0.0192075166448693	"hisM"	2368354	9	117	0.0272721066128426
"68"	0.0312046261639528	-0.00733922442256966	-0.00300589829507927	"narP"	2240490	6	36	0.0272102858446358
"69"	0.015227264886685	-0.0150729593109192	0.00162990400526635	"ccmC"	2246098	10	36	0.0272102858446358
"70"	0.0305448086375009	2.07525451482645e-06	-0.0286791368973599	"ybhS"	818842	10	118	0.0270352525508752
"71"	0.0165065842909982	-0.0171084699015575	-0.00735855351431013	"ybhG"	821974	9	118	0.0270352525508752
"72"	0.0306804120626835	-0.0105343472969533	-0.0191826643235905	"ypdH"	2442369	5	38	0.0270265849322343
"73"	0.0160651035408865	-0.0061422863051032	-0.00423825703664038	"glk"	2443420	7	38	0.0270265849322343
"74"	0.0228332337986486	0.0201094176710591	0.00968319560515147	"yehL"	2156541	10	39	0.0269844257303984
"75"	0.028368156374315	-0.00384406036861679	-0.0194961500225265	"yehR"	2162549	4	39	0.0269844257303984
"76"	0.0300313020620167	-0.035154112191622	0.000149289351178856	"ddpD"	1532640	12	40	0.0267530124298127
"77"	0.0169181435332007	0.035239580234901	-0.0295161401659187	"ddpB"	1534317	6	40	0.0267530124298127
"78"	0.0352658905725894	-0.0301097531283868	-0.0228977007528645	"ECB_04214"	4558287	9	41	0.0266075894251738
"79"	0.0162455265030331	-0.00160297152545003	0.00217912323226691	"hsdM"	4559512	13	41	0.0266075894251738
"80"	0.0179492882777582	0.0105613855735967	-0.00220290869314052	"hsdR"	4563661	24	41	0.0266075894251738
"81"	0.0287137238966735	0.0128936714133546	-0.0010052812628712	"yoeF"	2009298	9	42	0.0265227615672584
"82"	0.0243317992378432	-0.0587785542641635	-0.00488272640008944	"yeeX"	2009744	7	42	0.0265227615672584
"83"	0.020749287539706	-0.00651801258876091	-0.0100680946404141	"yeeA"	2010762	6	42	0.0265227615672584
"84"	0.0376018378581285	-0.0158727982357767	-0.00268678275385833	"IR1832"	2266530	5	43	0.0263962011879334
"85"	0.0151488102260473	0.00456008068682852	-0.00840610153980246	"atoS"	2266749	33	43	0.0263962011879334
"86"	0.0151905645177382	0.00766757236228288	-0.00837970486488812	"atoC"	2269497	16	43	0.0263962011879334
"87"	0.0299178046667578	-0.0174077067458274	NA	"yacC"	139397	2	44	0.0263547090781884
"88"	0.0156654223124801	0.00362366874264272	0.00301618959355297	"cueO"	140521	17	44	0.0263547090781884
"89"	0.0275164059133747	-0.00432315926200601	-0.00107608673004187	"IR1200"	1496271	6	45	0.0260826094033397
"90"	0.0217812198732348	-0.00563830413345916	-0.0123047212156819	"yncG"	1496664	5	45	0.0260826094033397
"91"	0.0192324391106743	-0.0220640044256777	0.0140519052668234	"IR635"	809413	10	119	0.025972484688734
"92"	0.029679480771626	0.0710033660191422	0.033991972411736	"moaC"	811574	6	119	0.025972484688734
"93"	0.0222654886058421	-0.00574010222079147	-0.0155478876978257	"ybhL"	812540	7	119	0.025972484688734
"94"	0.0175746311197083	-0.00327484302037952	0.00204909900030292	"yfcM"	2388183	9	47	0.0259075108346101
"95"	0.028685137406244	-0.0178604751068546	-0.0145448491864341	"yfcA"	2388344	3	47	0.0259075108346101
"96"	0.0155883126616157	-0.0217642803867846	-0.0207247245191361	"hypB"	2746731	3	48	0.0257439881797479
"97"	0.0335671806004636	-0.0119186473852012	-0.0101321653524802	"hypC"	2746935	4	48	0.0257439881797479
"98"	0.0231362573728426	-0.00125025491587131	-0.00339623419535749	"hypD"	2747447	13	48	0.0257439881797479
"99"	0.0170511940532206	0.00352068270330456	-0.0132434333061627	"fhlA"	2749892	10	48	0.0257439881797479
"100"	0.0211808579664516	-0.00742870832608318	0.0170301903530015	"yhjY"	3642969	12	49	0.0255130898126016
"101"	0.0269571670946516	-0.0115219905593247	-0.00508076885058706	"yiaC"	3644117	6	49	0.0255130898126016
"102"	0.0241683654587021	0.0391689237641615	-0.0196638963388006	"yddA"	1551754	11	50	0.0254445216789156
"103"	0.028845737104296	-0.0109310640990866	-0.028335255396291	"yidZ"	3853854	12	132	0.0254280400055481
"104"	0.0151749487093043	0.0229175232813225	0.00301871696687201	"yieF"	3855014	11	132	0.0254280400055481
"105"	0.0229726880548223	0.0107823911250529	-0.00251798797210334	"yejA"	2223565	17	52	0.0254214427710947
"106"	0.0269211925988599	-0.00124322256506318	-0.0140634785266279	"yejE"	2226961	8	52	0.0254214427710947
"107"	0.0160655924671975	NA	0.000495878469961695	"IR3323"	4140763	5	53	0.0253620367967326
"108"	0.0284608515732443	-0.0173149218587054	-0.00669360541867898	"yijD"	4141791	8	53	0.0253620367967326
"109"	0.02195600848897	-0.00307217994733135	0.0201701592364586	"yiaK"	3673213	7	54	0.0253148149098833
"110"	0.027028913715572	-0.00695523714264987	-0.0143440851354092	"yiaO"	3676578	7	54	0.0253148149098833
"111"	0.0236007161041945	0.00448304686792778	-0.0251699572976013	"sgbH"	3679364	4	54	0.0253148149098833
"112"	0.0195522613203635	-0.00361743613238745	NA	"IR3577"	4461570	6	133	0.0247046074108131
"113"	0.0264220561076296	-0.00822592073304929	-0.022775438251895	"yjgD"	4461698	2	133	0.0247046074108131
"114"	0.0153117318108163	-0.0120073513035795	-0.00565732035634784	"rpiR"	4291234	16	56	0.0246283001542748
"115"	0.0277338229354276	-0.0192334734543918	-0.00275264253374742	"rpiB"	4292215	7	56	0.0246283001542748
"116"	0.0167424725478507	-0.00791823967880262	NA	"ESCRE2779"	2774217	6	122	0.0245306717613085
"117"	0.0271267381657944	NA	NA	"IR2220"	2774395	4	122	0.0245306717613085
"118"	0.0161176407509846	-0.00215036569830708	-0.0183563191964127	"flgH"	1150647	10	58	0.0244547367592659
"119"	0.0272337687620263	-0.018796938882647	0.00755615173863577	"flgI"	1151220	7	58	0.0244547367592659
"120"	0.0214623236053494	-0.012443934846236	-0.00669170249747602	"entC"	608401	5	134	0.0243566327000111
"121"	0.0172442258588477	0.0183174805747146	0.0181527507641416	"entE"	608838	17	134	0.0243566327000111
"122"	0.0272509417946727	NA	NA	"ybdB"	612027	7	134	0.0243566327000111
"123"	0.0158777801489268	NA	-0.0215283115407693	"yeiW"	2216417	4	60	0.0242720310783026
"124"	0.0270701147214279	0.0192623882768538	-0.00104487025093915	"yeiP"	2217142	7	60	0.0242720310783026
"125"	0.0153215315075431	-0.00603718810980176	-0.00706801283929316	"fimD"	4526068	21	61	0.0242631737135059
"126"	0.0272437211154935	-0.0213467446428474	-0.0111224133118059	"fimF"	4528727	9	61	0.0242631737135059
"127"	0.0240862611824701	0.00677602267605136	0.0109880268490094	"ECB_03519"	3779469	10	62	0.0239378385503918
"128"	0.0234925706541569	-0.00920150162310595	-0.00561140434889857	"ECB_03521"	3781389	10	62	0.0239378385503918
"129"	0.0267430299552592	-0.0087507984942195	0.0078181655141648	"ECB_02649"	2824732	22	63	0.0238196316281702
"130"	0.0150494366469031	-0.010675669248042	-0.00864643801642634	"ECB_02650"	2827265	18	63	0.0238196316281702
"131"	0.0158943727697805	NA	-0.0162761224904968	"IR1459"	1793584	4	64	0.0238139327347583
"132"	0.0264537860564175	-0.0076654628199808	-0.011555151207446	"chbG"	1794013	6	64	0.0238139327347583
"133"	0.0157993324507763	-0.0072419163149696	0.00489849926807132	"rbsK"	3899732	14	124	0.0236939304184645
"134"	0.0263254630743605	0.0050137446794683	-0.0133561653074834	"rbsR"	3900039	12	124	0.0236939304184645
"135"	0.0160002587357763	-0.0106546524740729	0.0107723988384541	"thiF"	4172965	9	125	0.0235964102592409
"136"	0.0261284607670624	-0.0071268782822834	-0.0119120044469391	"ECB_misc_RNA_29"	4175820	5	125	0.0235964102592409
"137"	0.0240741942871183	0.00180465540804392	-0.0211788766939291	"rutG"	1085703	12	135	0.0235739255129394
"138"	0.0220731191904027	-0.0645348352831243	-0.285573954617862	"rutR"	1090569	4	135	0.0235739255129394
"139"	0.0240364700763948	0.0131235866640114	-0.00237176503466103	"thiQ"	75033	4	136	0.0235534444875212
"140"	0.0221043677209004	0.00239576760518784	0.017467486156036	"sgrR"	78503	9	136	0.0235534444875212
"141"	0.021757695580229	-0.00221775291649228	-0.00579487004603358	"otsA"	1959582	14	128	0.0232933373188622
"142"	0.0248289790574954	NA	0.00470940763491892	"otsB"	1960241	5	128	0.0232933373188622
"143"	0.0158871036292486	-0.0145737271006335	-0.000299645438983894	"araG"	1962681	20	128	0.0232933373188622
"144"	0.0258834417520827	0.00111240876529905	-0.00481160802092283	"ybgI"	724181	6	70	0.0232424614987226
"145"	0.0153195207386424	0.00767212540902526	8.28684017197606e-05	"ybgJ"	724894	7	70	0.0232424614987226
"146"	0.017204165678173	0.00352156139599039	-0.000227614155887373	"xylE"	4220217	20	71	0.0229254690843659
"147"	0.0188362090283345	-0.018733148046094	-0.0373400415694154	"malF"	4223244	15	71	0.0229254690843659
"148"	0.0351932492524603	0.0027480561201839	0.00422202804560574	"IR3388"	4225658	4	71	0.0229254690843659
"149"	0.0181724486453955	-0.00344778391516675	-0.0209698973534166	"malM"	4229141	9	71	0.0229254690843659
"150"	0.0197801999006544	-0.00112124167998157	-0.00652888687731052	"fucK"	2832188	7	129	0.0226551723375205
"151"	0.0474877748790807	-0.0129290109315197	-0.036432246778575	"fucU"	2833685	4	129	0.0226551723375205
"152"	0.0184826129755815	0.012499103152112	-0.00680889717119143	"fucR"	2834069	8	129	0.0226551723375205
"153"	0.0225970101805768	NA	-0.0129635382955784	"IR540"	681274	3	73	0.0225970101805768
"154"	0.0275593102949245	0.00837874694699183	-0.00578793576247764	"nagC"	683299	11	73	0.0225970101805768
"155"	0.0156064920403198	-0.0268850091285407	0.0195373869758219	"nagA"	684111	12	73	0.0225970101805768
"156"	0.0158661173991134	-0.0020493672189196	-0.000201120692660665	"nagE"	686783	19	73	0.0225970101805768
"157"	0.0239543397320558	-0.00151384860455181	-0.0160780650059896	"ybiO"	837386	10	74	0.0223710743483072
"158"	0.0176212781970612	-0.00913243024584218	-0.00193356680252918	"IR655"	838142	4	74	0.0223710743483072
"159"	0.0180688279814471	0.00316560702785035	0.0248764161953148	"yjgR"	4472312	15	75	0.0221114729030901
"160"	0.0221114729030901	0.0106111544576502	0.00626142633823043	"IR3584"	4473297	8	75	0.0221114729030901
"161"	0.0281722423378278	-0.0173190384390689	0.00634013140641517	"idnO"	4475818	8	75	0.0221114729030901
"162"	0.0193803556738949	0.01179293384816	0.00436143274690518	"idnD"	4477112	9	75	0.0221114729030901
"163"	0.0167630046840211	0.00990272114038409	0.00853781542983863	"rimJ"	1140528	12	76	0.0216979000664757
"164"	0.0233428651939606	0.0170512522548354	-0.0139839847720059	"yceH"	1140737	10	76	0.0216979000664757
"165"	0.019500552543183	0.00499708952154878	NA	"fnr"	1396459	8	77	0.0216779726051338
"166"	0.0224037792924508	-0.000686517218525653	NA	"ogt"	1397255	4	77	0.0216779726051338
"167"	0.0153266633462591	-0.00202112475294443	0.00430020522981919	"qseB"	3104262	7	78	0.0215753930175158
"168"	0.0236583029079347	-0.00601702605968736	-0.0317791411373404	"qseC"	3104664	18	78	0.0215753930175158
"169"	0.0202601633781386	0.00873471049063899	-0.00282905328010406	"nrfA"	4267229	21	79	0.0210447284505138
"170"	0.0186556527935444	0.00373652063406555	-0.0186101021232681	"nrfB"	4268516	2	79	0.0210447284505138
"171"	0.021829293522889	-0.00205803818728704	0.00253268013242618	"nrfE"	4272101	14	79	0.0210447284505138
"172"	0.0168297131461138	0.0041356137144349	0.00509380353687475	"ybgQ"	730522	25	80	0.0209951602843308
"173"	0.0223836426637365	NA	-0.0293595693759265	"ECB_00679"	733280	2	80	0.0209951602843308
"174"	0.0200222886393564	-0.00204338792966062	-0.00458496180074747	"tiaE"	3647799	7	81	0.020882463160218
"175"	0.0155496027751425	0.0192846945928707	0.000153631127598732	"aldA"	1457586	13	82	0.0208661851995229
"176"	0.022638379340983	-0.00227120338948129	-0.0329540734445961	"gapC"	1459747	11	82	0.0208661851995229
"177"	0.0200872774744157	0.00534363623137791	0.00342047498484369	"prpR"	319553	11	83	0.0205750696152077
"178"	0.0203465276472961	0.0114424920896341	-0.0012212340698496	"prpB"	321333	8	83	0.0205750696152077
"179"	0.0176014104533017	-0.00220403251480086	-0.00333524811601316	"prpD"	324356	8	83	0.0205750696152077
"180"	0.0207284835713413	-0.00860560824021032	-0.0261389385950932	"yddV"	1539697	14	84	0.0203388514603911
"181"	0.0191699551275406	-0.00781722530719151	-0.00984435884219899	"yddW"	1541458	17	84	0.0203388514603911
"182"	0.0187227842272106	-0.00836604466899795	-0.00355949966341541	"ycjN"	1370909	13	85	0.0202273710216207
"183"	0.0207288999530907	-0.00592175158902397	-0.00576118392562984	"ycjO"	1372195	10	85	0.0202273710216207
"184"	0.0212589187257156	-0.00634542715337568	-0.0031434419772359	"appA"	1057723	9	86	0.0201198592862709
"185"	0.0167026809679368	0.00125041241689036	0.00157124825049902	"yccC"	1060605	24	86	0.0201198592862709
"186"	0.0192875970839314	-0.00571529741433935	-0.0104676145002185	"ygeR"	2884925	12	87	0.0199944545555725
"187"	0.0191171714567433	-0.000625896300986801	0.0347300877583358	"hyfE"	2527550	5	88	0.0199476294490824
"188"	0.0202244487798621	-2.07894286000738e-05	-0.00362278022982911	"hyfG"	2529882	14	88	0.0199476294490824
"189"	0.0161358268375113	-0.0298951828295261	-0.0437544316292745	"mprA"	2705841	4	89	0.019926563003325
"190"	0.0211901417252629	0.0219733723123055	-0.00548750642957148	"emrA"	2706714	11	89	0.019926563003325
"191"	0.0194142815622698	0.000509456444117478	-0.0129333486138972	"deoD"	4610157	11	90	0.0198750230351823
"192"	0.0203357645080947	-0.030462269156127	-0.0218995393510997	"ECB_04261"	4611150	8	90	0.0198750230351823
"193"	0.0185474728069484	-0.015904849469114	-0.00339571469391533	"lplA"	4611316	7	90	0.0198750230351823
"194"	0.0163416387062535	-0.00921238366035617	-0.0054226699503876	"ECB_00727"	789698	4	91	0.0197156561711882
"195"	0.0192423592447281	-0.0086157417685845	-0.0268980978580801	"ECB_00728"	789952	4	91	0.0197156561711882
"196"	0.0210461801505489	0.00905399334988571	-0.00635267976845678	"ybaE"	437768	24	92	0.0196579605186641
"197"	0.0154933016230099	-0.000903654993184112	-0.0053154876557197	"cof"	439755	14	92	0.0196579605186641
"198"	0.0200068973286241	-0.015498181625032	-0.00151612080338368	"narL"	1275590	6	93	0.0196574803814581
"199"	0.0186092295399602	0.0148308225082855	0.00199394442003607	"narX"	1277177	13	93	0.0196574803814581
"200"	0.0194394732137792	-0.0464639872515251	-0.0482786501584415	"gnsA"	1068505	3	94	0.0194192460517302
"201"	0.0193585645655832	-0.0146657780999274	0.00620832736785719	"yccM"	1069386	11	94	0.0194192460517302
"202"	0.0190217021390003	-0.0235407188265008	0.00362814269832156	"glcE"	3052743	8	95	0.0188300300888708
"203"	0.0182550139384823	-0.00394102919037469	-0.00223577990338924	"glcD"	3053441	7	95	0.0188300300888708
"204"	0.0205779435439728	0.000766127778133344	0.00375291722483086	"mhpR"	340149	11	96	0.0187339762002827
"205"	0.0168900088565927	-0.00331895989193302	-0.00201754522871111	"mhpF"	346113	5	96	0.0187339762002827
"206"	0.0167828541676627	NA	NA	"IR265"	347732	8	96	0.0187339762002827
"207"	0.0177224879057489	0.000270315153396021	-0.00130366243611522	"gldA"	4118427	14	97	0.0174261671384017
"208"	0.0163596900339175	0.0260280462216178	-0.00709488773079286	"ptsA"	4119828	23	97	0.0174261671384017
"209"	0.0171298463710545	-0.00016202890365335	-0.0286953857829506	"frwC"	4123499	9	97	0.0174261671384017
"210"	0.0169094730883141	-0.00937828198598556	-0.0200401121078758	"caiT"	44660	12	98	0.0173155702505
"211"	0.0174509359712286	-0.00342260822881004	0.00892346770968083	"fixC"	48376	16	98	0.0173155702505
"212"	0.0159418514105086	-0.001573035953894	-0.00663146124462086	"phnK"	4296863	5	99	0.0171944684193594
"213"	0.0176120074223097	0.00744204246571293	-0.00121602454653345	"phnD"	4302917	12	99	0.0171944684193594
"214"	0.0154004226289993	0.00953873421442626	0.00391191338267609	"yajR"	414280	14	100	0.0171932126495934
"215"	0.0159238789515575	-0.0151272059823829	-0.00637852133588051	"ECB_00376"	415509	17	100	0.0171932126495934
"216"	0.021001213743701	NA	-0.0470303608654019	"ECB_00378"	417297	6	100	0.0171932126495934
"217"	0.017197286005695	0.00313748882851275	0.00403681552221101	"hpaG"	4578859	16	101	0.0171862951780059
"218"	0.0171533226949385	-0.0253431071645519	-0.0239328311900375	"hpaR"	4580407	4	101	0.0171862951780059
"219"	0.0160413916921639	-0.0174712474799314	-0.00843804694642008	"ESCRE0350"	364152	5	102	0.0170878573556027
"220"	0.0174366792434156	-0.0253532876876393	0.0371026485871001	"yaiW"	366407	6	102	0.0170878573556027
"221"	0.0170808767438301	-0.025384129813764	0.000436758909479253	"ycbT"	1019628	7	103	0.0170653250599275
"222"	0.0170186700082197	-0.00213852305073934	-0.000686588331912189	"ycbF"	1021378	6	103	0.0170653250599275
"223"	0.0157044478343671	0.00132447658117871	0.00784501091723037	"yjgI"	4457117	15	104	0.0168724611978668
"224"	0.0172617989857001	-0.00170482776410817	0.0175740692343689	"yjgJ"	4457600	12	104	0.0168724611978668
"225"	0.0154588810347192	-0.0422861477566014	-0.01516271039649	"potD"	1197530	10	130	0.0168018229081123
"226"	0.0172494701992433	-0.00374513197863966	-0.0164331237949232	"potC"	1198201	5	130	0.0168018229081123
"227"	0.015963030157426	-0.0153810832137882	0.00708335971757955	"phoR"	386776	8	106	0.0164029021035418
"228"	0.0165495260855804	0.0143738032836798	0.00233406492667615	"proY"	390329	15	106	0.0164029021035418
"229"	0.0154089217544088	-0.00287443220554607	0.0597510552100807	"ybaL"	473682	12	107	0.0163312651479014
"230"	0.0166387129457323	0.00760291601074934	-0.00409586702619361	"fsr"	475984	9	107	0.0163312651479014
"231"	0.0154881160497854	NA	-0.00292167034824248	"yhiM"	3565891	19	108	0.0155774278272795
"232"	0.0362395813611434	-0.0285575500201773	-0.0205676185789219	"fpr"	4093209	9	109	0.0587928411856906
"233"	0.0587928411856906	-0.00326926478840697	NA	"IR3290"	4096708	4	109	0.0587928411856906
"234"	0.0287522115779829	-0.00452907239275068	0.00304063183347683	"IR3291"	4097767	4	109	0.0587928411856906
"235"	0.0291195693595445	-0.0247108920806949	-0.012463457984292	"ESCRE0783"	791129	5	110	0.0493262410553797
"236"	0.03403418841717	-0.00750730617328959	-0.0234492933414113	"ECB_00732"	791556	4	110	0.0493262410553797
"237"	0.0481505828002053	0.00901485100418179	0.013474934332454	"sugE"	4355903	6	111	0.0481505828002053
"238"	0.0251628279183218	NA	-0.0134299631973063	"blc#2"	4356303	9	111	0.0481505828002053
"239"	0.0181843977581092	-0.00276143724243811	NA	"IR753"	966703	6	112	0.0439847579560914
"240"	0.0439847579560914	-0.0163249657509755	-0.0192895175323266	"ycaK"	967063	4	112	0.0439847579560914
"241"	0.0424287843479479	NA	NA	"yehE"	2143983	3	131	0.041423071437708
"242"	0.041423071437708	-0.00514117272130927	-0.0272271026996196	"mrp"	2145093	7	131	0.041423071437708
"243"	0.0276989724701012	-0.0128591795181792	-0.0528244417277301	"IR1393"	1723436	6	114	0.04028753633278
"244"	0.0302887240411355	-0.00644756050496435	-0.0186068026102009	"IR1209"	1508051	2	115	0.0402597361025695
"245"	0.0171627788718582	-0.0144235623497757	-0.013296984588908	"wrbA"	1083411	10	116	0.0371501296789875
"246"	0.0371501296789875	NA	0.0252944786601411	"ESCRE1071"	1084277	8	116	0.0371501296789875
"247"	0.0369587469273713	-0.0119065790589942	0.0082762220336538	"yccV"	1045617	6	117	0.0355045625334244
"248"	0.0269515168196394	-0.00460485068930095	NA	"IR807"	1047046	6	117	0.0355045625334244
"249"	0.0384055378139955	-0.0327662094037522	NA	"aroH"	1766452	10	118	0.0350791253729234
"250"	0.0350791253729234	-0.00921057883454612	-0.0288159948042568	"ydiE"	1766952	3	118	0.0350791253729234
"251"	0.0337834238546404	-0.0103604383954594	-0.0255425304450478	"acrE"	3342576	9	119	0.0337834238546404
"252"	0.0398185677652024	-0.00288484808204648	NA	"yhdV"	3346359	6	119	0.0337834238546404
"253"	0.0260446593923506	NA	-0.063982751903019	"IR222"	289812	10	132	0.032702327071237
"254"	0.0163771448271696	-0.00404411753764259	-0.0141197240698183	"yrfB"	3450047	3	133	0.0324263788257581
"255"	0.0324263788257581	-0.0124331953977142	-0.0102076555572579	"yrfC"	3450310	10	133	0.0324263788257581
"256"	0.0201638555087064	-0.0132366621989769	-0.0232734687381431	"IR2789"	3451470	3	133	0.0324263788257581
"257"	0.0220124017832276	-0.0188792428311744	-0.00846683443323839	"flhB"	1944244	6	122	0.0323726195400601
"258"	0.0223987416769059	-0.0194068404234449	NA	"cheZ"	1945426	5	122	0.0323726195400601
"259"	0.0154870006740796	-0.0216046888233639	0.0121166431892929	"cheB"	1946229	11	122	0.0323726195400601
"260"	0.0323726195400601	0.00383578102850005	0.0370072843327132	"tap"	1948159	14	122	0.0323726195400601
"261"	0.0236799515922234	NA	-0.0245387859865783	"ycfX#2"	1194437	7	134	0.0322449908994739
"262"	0.0312681163204896	-0.000147960291968448	-0.02327739754742	"ESCRE4436"	4450695	3	124	0.0315225565389071
"263"	0.0315225565389071	0.00192350602936416	0.0243789847962765	"mgtA"	4452830	14	124	0.0315225565389071
"264"	0.0341020469660121	-0.0129794199491955	0.00213758956815058	"btuR"	1326338	2	125	0.0315210679269112
"265"	0.0313779965168757	-0.00102419348162046	-0.0111837361343344	"ynfM"	1646902	10	135	0.0313779965168757
"266"	0.0383532273607124	-0.0124570577114174	NA	"IR1335"	1648339	7	135	0.0313779965168757
"267"	0.032826327779325	-0.0616751561067766	-0.0123516966205238	"ykiA"	376340	4	136	0.0312725157209155
"268"	0.0260701584239225	-0.0037124271523856	-0.0118957266063604	"ECB_01341"	1421092	7	128	0.031166388639017
"269"	0.031166388639017	-0.0248073875081391	-0.00752358446622236	"ECB_01342"	1421691	8	128	0.031166388639017
"270"	0.0304648491330927	NA	-0.0194917503063727	"IR1560"	1903921	4	129	0.0304648491330927
"271"	0.0224371320568211	0.00288018964850466	-0.0107953833804828	"yobB"	1904017	8	129	0.0304648491330927
"272"	0.027974562588478	-0.00446859902313504	-0.00212038700845455	"yggM"	2984635	9	130	0.027974562588478
"273"	0.0299913404828183	-0.0112880454572004	0.0114581994805931	"ansB"	2985349	8	130	0.027974562588478
"274"	0.0183075216967513	-0.0026202589972368	0.0161213424058758	"fruK"	2212766	5	131	0.0272810585886785
"275"	0.0272810585886785	0.0102490232884561	0.0331153144559049	"fruB"	2214336	12	131	0.0272810585886785
"276"	0.0420498111853694	NA	NA	"ESCRE2229"	2214722	4	131	0.0272810585886785
"277"	0.0200983959673346	0.00156796273311825	-0.0084417364213324	"pmrD"	2319994	5	132	0.0268539332736127
"278"	0.0163222862124382	0.00229873746948906	-0.00415074963131444	"yfbB"	2324105	10	132	0.0268539332736127
"279"	0.0268539332736127	-0.0111312413593213	-0.00913956275253789	"menD"	2324785	6	132	0.0268539332736127
"280"	0.0271391844876294	NA	NA	"IR1678"	2051636	6	133	0.0267682140714211
"281"	0.036569648113017	-0.000290083885855459	-0.0494722867827339	"yahC"	307269	3	134	0.0266600274872338
"282"	0.0359853477003683	0.0025902971235366	-0.0115429725947305	"yahE"	309347	6	134	0.0266600274872338
"283"	0.0255491952248823	NA	NA	"IR238"	312395	2	134	0.0266600274872338
"284"	0.0264553182959931	0.0102951393974165	0.0174757261182609	"ygdH"	2815242	17	135	0.0264553182959931
"285"	0.0263172862520578	0.0313271633336426	-0.00311370980556149	"IR2249"	2816654	5	135	0.0264553182959931
"286"	0.0264422499335709	-2.50308341248002e-05	0.0201280680879485	"ydgA"	1667645	10	136	0.0264422499335709
"287"	0.0266407722905097	-0.00690892750607549	-0.0142276929466938	"uidC"	1669271	11	136	0.0264422499335709
"288"	0.0261896659333871	-0.00775858881184199	-0.0163664910608827	"hemF"	2481046	5	137	0.0254238087766563
"289"	0.0254238087766563	-0.0162651761576888	-0.0020975636018233	"yfeG"	2482167	9	137	0.0254238087766563
"290"	0.0253623951888168	-0.0372614985857295	-0.0278029044355819	"ECB_02307"	2454613	4	138	0.0253623951888168
"291"	0.0234314008557762	-0.0213316872659261	0.00970228730972526	"yfeR"	2455324	11	138	0.0253623951888168
"292"	0.0165914231894342	0.0103161962331576	-0.00967218056143783	"ydcM"	1474705	11	139	0.0239966880141383
"293"	0.0239966880141383	0.00832726952058753	0.0136663416083062	"ydcO"	1475455	11	139	0.0239966880141383
"294"	0.0288174757558805	-0.0132617725590581	0.00823585864367039	"ycfS"	1184114	9	140	0.0236599786602358
"295"	0.065400172348247	-0.00476667628995214	-0.00795963585530464	"ECB_03540"	3795294	3	141	0.0235761545077144
"296"	0.0235761545077144	NA	NA	"ECB_03541"	3796431	4	141	0.0235761545077144
"297"	0.0335294361781597	NA	-0.0235155462730869	"IR3069"	3829673	4	142	0.0234511589321957
"298"	0.0234511589321957	-0.00564343252428785	-0.010547998068817	"dgoR"	3834858	9	142	0.0234511589321957
"299"	0.0164459641779901	-0.0134417424313483	-0.0365355147404029	"ybjH"	877610	4	143	0.0232093558077609
"300"	0.0192648618766505	0.0148631060402964	-0.00155822154239027	"ybjJ"	878770	15	143	0.0232093558077609
"301"	0.0248200666875422	-0.0222302394710413	0.0207775489150899	"yqjC"	3182296	6	144	0.0229561202053657
"302"	0.0229561202053657	-0.0893483441739114	-0.00399613195375984	"yqjE"	3182868	7	144	0.0229561202053657
"303"	0.0235009078346819	-0.020107897121113	-0.00402894780913721	"ydiM#2"	1748977	10	145	0.022431459782423
"304"	0.022431459782423	0.0401380405594561	-0.00674222772866319	"ydiB"	1751653	4	145	0.022431459782423
"305"	0.0156313314483022	-0.010237878166416	-0.0088454390039933	"ydiF"	1753467	13	145	0.022431459782423
"306"	0.021979701198623	0.00058107673052164	0.00214832132268418	"ybcL"	542994	8	146	0.021979701198623
"307"	0.0181199380981288	-0.0170618824455932	-0.0100618977906268	"ybcM"	543360	9	146	0.021979701198623
"308"	0.0235603736139328	-0.0194978378270319	-0.0139250910710317	"IR2322"	2916749	4	147	0.0218294702128713
"309"	0.0218294702128713	-0.00839811782268042	0.0107296338507313	"ygfU"	2917721	16	147	0.0218294702128713
"310"	0.0163395526269738	-0.00629352002733359	-0.00297821075839206	"idi"	2919258	7	147	0.0218294702128713
"311"	0.0214456542351703	0.00656586153908529	-0.00261232873801995	"yidR"	3828541	10	148	0.0214456542351703
"312"	0.0240996489344039	0.0102645877222203	0.0145073390814829	"yhjH"	3608533	10	149	0.0213683276040575
"313"	0.036861327122399	-0.0208093585822594	-0.00415094918294135	"pqiA"	1029251	8	150	0.0211054048953037
"314"	0.025973480523536	0.0196108834742105	-0.00643858077606139	"pqiB"	1030925	8	150	0.0211054048953037
"315"	0.0191484509014919	0.00240523302523818	0.00416657682537452	"ydcR"	1481102	12	151	0.0208501258487228
"316"	0.0303344934872194	-0.00283707904027426	0.000712566119690294	"ydcT"	1482928	12	151	0.0208501258487228
"317"	0.0208501258487228	-0.00394502044604153	-0.0112307494358979	"ydcU"	1483954	13	151	0.0208501258487228
"318"	0.0208024087221554	-0.0172245807943697	-0.0176047812944015	"pdxK"	2465397	14	152	0.0208024087221554
"319"	0.0210497253090853	0.00712038230437668	-0.0152625654132222	"yfeK"	2466094	6	152	0.0208024087221554
"320"	0.020743405868896	-0.00716497147908384	-0.00354964077785049	"dgt"	183106	11	153	0.020743405868896
"321"	0.0248293473398962	NA	NA	"degP"	184960	7	153	0.020743405868896
"322"	0.0185946185535205	-0.00139949167045214	0.0130439473344438	"IR1704"	2087042	9	154	0.0206728907180858
"323"	0.0206728907180858	-0.00347767756899971	0.0067390524869485	"mdtA"	2087140	5	154	0.0206728907180858
"324"	0.017204139493087	-0.0227671532322672	-0.0146861494704377	"IR3040"	3792746	2	155	0.0205029693933951
"325"	0.0205029693933951	0.0108302110435075	0.00467509851270873	"insI"	3793471	19	155	0.0205029693933951
"326"	0.0290985197748129	-0.0177079288057185	-0.00151753452993326	"IR3187"	3969134	3	156	0.0203623256036942
"327"	0.0202696527622801	0.0249738324123852	-0.101503541204038	"IR128"	177727	5	157	0.0202696527622801
"328"	0.0486269058281912	0.00745158972683294	-0.00720425359837339	"clcA"	177960	8	157	0.0202696527622801
"329"	0.0176011852383006	0.00790883690456809	7.81212475600502e-05	"aslB"	3944891	12	158	0.0201615914238737
"330"	0.0200683079429063	-0.00121208608793651	-0.0157004318215869	"trxC"	2640542	11	159	0.0200683079429063
"331"	0.0155232137298367	-0.012071742553905	-0.0167673564114912	"yfiP"	2641055	5	159	0.0200683079429063
"332"	0.0186251114552017	-0.00603685311169654	-0.00678841051350585	"ydbD"	1445355	14	160	0.0197918351566807
"333"	0.0197918351566807	-0.00371530141869928	-0.000454721410709798	"ynbC"	1449645	15	160	0.0197918351566807
"334"	0.0175615227105762	0.000410688476346484	-0.00760252333941106	"ECB_02536"	2703175	12	161	0.0197355517651274
"335"	0.0197355517651274	0.00122361152782171	-0.0106958082507431	"IR2163"	2704379	5	161	0.0197355517651274
"336"	0.0197154324239297	-0.0161762702063192	0.0178791533886865	"focA"	970727	8	162	0.0197154324239297
"337"	0.0285661153136011	-0.0152463810730709	-0.0421608791324251	"IR757"	971882	6	162	0.0197154324239297
"338"	0.0240183766244935	0.0187979722224716	0.00363414711733049	"ECB_01468"	1566794	5	163	0.0196705215485156
"339"	0.0202914375422833	-0.00333762466835902	NA	"ybiY"	855173	10	164	0.0196350068852428
"340"	0.0195347828758902	-0.00125548803062116	0.0103256677561185	"modF"	774014	15	165	0.0195347828758902
"341"	0.0198204944442646	-0.0103428360002179	-0.00324250583960057	"ybhT"	775406	5	165	0.0195347828758902
"342"	0.0188283732394661	-0.0051647066867843	-0.0235877724595037	"tam"	1574189	9	166	0.0193113983300212
"343"	0.0193113983300212	-0.00508381992697827	-0.0230873316345781	"yneE"	1575280	15	166	0.0193113983300212
"344"	0.0299792628455036	-0.0034450584529685	-0.00365370120248359	"IR1258"	1575655	7	166	0.0193113983300212
"345"	0.0486726794608124	-0.0683160706602188	-0.0161414286543055	"ompL"	4041910	4	167	0.0192536347604768
"346"	0.0192536347604768	0.0273718858599649	-0.00247068139494297	"yihO"	4043635	20	167	0.0192536347604768
"347"	0.0258861041821004	-0.0165289745717389	-0.0171072525374381	"yihR"	4047976	11	167	0.0192536347604768
"348"	0.0191839922840872	-0.0222380798751632	-0.0132368319982743	"proW"	2701592	7	168	0.0191839922840872
"349"	0.0360111660068046	-0.0140560064762758	-0.0381595949595697	"IR2162"	2703066	1	168	0.0191839922840872
"350"	0.02371161909856	NA	NA	"ECB_00826"	888620	1	169	0.0191215522681997
"351"	0.0167648564912646	-0.00356734905636691	NA	"yggD"	2960446	7	170	0.0190613440269076
"352"	0.0190613440269076	0.0078964217855914	-0.0106896350022194	"cmtA"	2964203	18	170	0.0190613440269076
"353"	0.0158722718519514	-0.00657318846510481	-0.00362527901016082	"cutA"	4343873	6	171	0.0190194932588993
"354"	0.0190194932588993	-0.00448760782121765	-9.8634865390219e-05	"aspA"	4346581	13	171	0.0190194932588993
"355"	0.0287462096698702	-0.0190208127515687	-0.0119078245954928	"fxsA"	4347603	6	171	0.0190194932588993
"356"	0.0294072588930706	-0.00554895898232447	-0.0343263498752384	"IR1648"	2007352	7	172	0.0185708412357932
"357"	0.0185708412357932	-0.00816383091464602	-0.00308628644103956	"ECB_01906"	2007539	6	172	0.0185708412357932
"358"	0.0264694682945205	0.0376902038785538	-0.0413144490862129	"IR1649"	2008829	5	172	0.0185708412357932
"359"	0.0363197923229786	NA	-0.0207185918191944	"yfiD"	2637560	7	173	0.0185167327256567
"360"	0.0185167327256567	NA	-0.00685783398224942	"IR2107"	2638020	5	173	0.0185167327256567
"361"	0.0202978676501592	-0.0171980874383995	-0.0424448184016655	"ydjF"	1831837	7	174	0.0184327334308379
"362"	0.0184327334308379	0.00358058368251581	-0.0193356710645853	"ydjG"	1832553	17	174	0.0184327334308379
"363"	0.029277463232936	-0.0247233802427929	-0.0695527563872097	"yeaC"	1839029	5	174	0.0184327334308379
"364"	0.015503029553176	-0.0099660910150981	0.0141209466749388	"IR134"	185264	8	175	0.0183337264137071
"365"	0.0183337264137071	-0.00340482899793806	0.00463640765320675	"cdaR"	185306	11	175	0.0183337264137071
"366"	0.01832886507551	-0.0031239098678815	-0.0254882250556093	"ybjX"	935337	9	176	0.01832886507551
"367"	0.0328197560202401	-0.0172432052137382	-0.00110304554185331	"macA"	935942	6	176	0.01832886507551
"368"	0.0182049104253246	-0.0123879628316455	-0.0374042362889827	"emtA"	1243765	6	177	0.0182049104253246
"369"	0.0296180672713285	-0.00511257765302842	NA	"ycgR"	1244464	5	177	0.0182049104253246
"370"	0.0160993300717806	-0.0207683155797655	0.012214928064419	"ascB"	2736371	12	178	0.0182027756492939
"371"	0.0169368761910555	-0.00438205047532091	-0.01614107191398	"hycI"	2737617	6	178	0.0182027756492939
"372"	0.0182027756492939	-0.0111023845565063	-0.0059870001105845	"hycA"	2745216	6	178	0.0182027756492939
"373"	0.018158946907168	0.0117961986170108	-0.00955221525962685	"IR218"	282039	16	179	0.018158946907168
"374"	0.0292748794269881	-0.0221785423892934	NA	"ykgL"	282483	4	179	0.018158946907168
"375"	0.0181053933586538	-0.0615685471578122	-1.46216508453078e-06	"yeiT"	2185350	4	180	0.0181053933586538
"376"	0.0274240513583582	0.00462700429681016	0.0180026477622776	"yeiA"	2187045	2	180	0.0181053933586538
"377"	0.0180489507768548	0.0176162803307103	-0.00208781267544115	"ydjE"	1829930	9	181	0.0180489507768548
"378"	0.0180386686296403	-0.021397142816183	-0.00877866497611915	"IR2550"	3185263	4	182	0.0180386686296403
"379"	0.0304659306973006	-0.0432667939754588	-0.0153759518982838	"yhaH"	3185511	4	182	0.0180386686296403
"380"	0.0179738097032465	-0.0180733409705042	-0.0113085570248894	"IR1300"	1616715	2	183	0.0179738097032465
"381"	0.0386784916009509	NA	-0.000456837474604497	"ECB_01526"	1616731	4	183	0.0179738097032465
"382"	0.0189843212525189	-0.0018133866220579	-0.0248556766541097	"yrbG"	3275519	18	184	0.0178328787610772
"383"	0.0220916676241949	-0.0222537995800759	-0.0269046856201524	"kdsD"	3276857	3	184	0.0178328787610772
"384"	0.019927809471192	-0.00293058383643415	-0.00894089869535158	"modA"	775726	7	185	0.0177321161239621
"385"	0.0175821685897126	-0.00147568745262343	-0.0252346564012405	"ESCRE1720"	1715121	7	186	0.0175821685897126
"386"	0.0157053975746582	NA	-0.0546686086060934	"purR"	1715609	4	186	0.0175821685897126
"387"	0.0150320117411861	-0.00932916831241495	-0.0298979676233788	"IR1341"	1655469	11	187	0.0171121586309691
"388"	0.0171121586309691	-0.00777470624233214	0.00289884195645562	"ydgH"	1655970	8	187	0.0171121586309691
"389"	0.0285842082732507	-0.00344746303535947	0.0225874813930004	"rob"	4622680	20	188	0.0171115808907998
"390"	0.0359020651351018	NA	-0.00345248610994145	"ECB_00650"	702766	1	189	0.0170828472650661
"391"	0.0170828472650661	-0.00304423878788178	-0.0170817039052241	"kdpC"	706566	5	189	0.0170828472650661
"392"	0.0199902855537697	-0.0124606425283333	-0.00741434706620385	"kdpB"	708007	6	189	0.0170828472650661
"393"	0.0198446930440796	-0.00148617694095691	-0.0117442628240243	"mqsR"	3102523	9	190	0.0170828449791811
"394"	0.0169255746288939	-0.021147518178921	-0.0150837367814902	"agaC"	3220226	17	191	0.0169255746288939
"395"	0.0428518688081989	0.00937019424857335	-0.0492969503584196	"agaD"	3220983	4	191	0.0169255746288939
"396"	0.0158952521802025	-0.00541486623973589	0.0186817029868486	"yraH"	3222874	9	191	0.0169255746288939
"397"	0.0168688321302726	0.00100610053014048	-0.0111114341556686	"gudX"	2808814	13	192	0.0168688321302726
"398"	0.0304042657826362	0.0106695186626752	0.000462585911507004	"yqcA"	2811766	6	192	0.0168688321302726
"399"	0.0175030175302162	-0.0150530418316769	-0.00664099079400846	"ECB_02621"	2792630	8	193	0.0167921710596408
"400"	0.0257660715189407	-0.0505553977719137	-0.00925796490074261	"ESCRE2000"	1980241	2	194	0.0167472317844252
"401"	0.0214281134416598	-0.0236874889373256	-0.00660513833174283	"yodB"	1980430	8	194	0.0167472317844252
"402"	0.016618670221467	-0.0189530420392714	0.0125324233626893	"yehU"	2164177	21	195	0.016618670221467
"403"	0.0473241756514501	0.00768062103508006	-0.0185416901140865	"mlrA"	2166102	6	195	0.016618670221467
"404"	0.0169192253342966	-0.0063336635354837	-0.00642250929841968	"zraS"	4182022	9	196	0.0164356545667209
"405"	0.0164356545667209	-0.00808404460609715	-0.010416960260588	"zraR"	4182916	19	196	0.0164356545667209
"406"	0.0163589544142725	0.0115239747343675	0.00982085667579496	"yjiA"	4566237	6	197	0.0163589544142725
"407"	0.0408473983746445	-0.00698751884354589	-0.0265435544363915	"yjiX"	4566852	4	197	0.0163589544142725
"408"	0.0163582671044269	-0.00470996284623247	-0.0306175809882648	"kdgR"	1888498	5	198	0.0163582671044269
"409"	0.0360030042752857	NA	-0.0179235499731005	"IR1546"	1888798	6	198	0.0163582671044269
"410"	0.0324697578731613	0.00699298280306962	-0.0213590395784044	"yieI"	3857890	7	199	0.0161610823116879
"411"	0.0161610823116879	NA	-0.052613480594691	"cbrC"	3858392	11	199	0.0161610823116879
"412"	0.0179805966161362	-0.0142868529775877	0.00290978648687149	"allR"	505450	6	200	0.0158986158259073
"413"	0.0158986158259073	-0.0278735179736847	0.00764180715332133	"ybbY"	513189	8	200	0.0158986158259073
"414"	0.0173739603390032	0.0268579705830183	0.0005055705916771	"glxK"	514437	8	200	0.0158986158259073
"415"	0.0223057728928312	-0.00456844233018864	-0.016551880058664	"IR3202"	3989207	2	201	0.0158407215238631
"416"	0.0158407215238631	-0.0126333945744985	0.0189044536746077	"udp"	3989861	8	201	0.0158407215238631
"417"	0.0151729691263486	-0.00386334167778784	0.00193647030492643	"IR1434"	1770045	6	202	0.0157776291465118
"418"	0.0156046148388438	-0.0168049981104331	0.0254893024454558	"btuD"	1770459	2	202	0.0157776291465118
"419"	0.0154704732232951	-0.0092473431172357	NA	"yebR"	1894414	8	203	0.0154704732232951
"420"	0.0152211159985293	-0.00477380322853399	-0.0202380891213776	"yebS"	1895725	15	203	0.0154704732232951
"421"	0.0205342468590206	0.00984163750705561	-0.0722890255901976	"yeiR"	2219217	8	204	0.0151477962461569
"422"	0.0166942311627212	0.00847790067852681	-0.00570655122041632	"ECB_04224"	4572988	9	205	0.0150941340657093
"423"	0.0150941340657093	-0.0613534475853522	-0.00888854280046924	"IR3672"	4574278	5	205	0.0150941340657093
"424"	0.024180435958739	0.00298781268404395	-0.0126668727025653	"ygjN"	3166975	11	206	0.0150558526605185
"425"	0.0411444733902813	NA	NA	"IR1246"	1563979	3	207	0.0150198956073232
"426"	0.0150198956073232	-0.0114202360479327	0.000844173113901196	"ECB_01464#1"	1564023	7	207	0.0150198956073232
"427"	0.01989389296193	0.00420723342102881	-0.0367322193430758	"yfaD"	2303662	7	208	0.0150053660031807
"428"	0.0150053660031807	-0.00280810840158349	0.00215180109289428	"yfaV"	2305377	10	208	0.0150053660031807
"429"	0.024344280498331	-0.004510429521887	-0.0027479592300778	"yfaW"	2307563	8	208	0.0150053660031807
"430"	0.0158798287748881	0.0141343384605061	-0.00291093816990171	"yfaY"	2309975	11	208	0.0150053660031807
