"R"	"M"	"K"	"name"	"site"	"abn"	"block"	"bvalue"
"1"	0.0829930782249396	NA	NA	"IR3710"	4614120	2	110	0.080736585220924
"2"	0.0616151447228022	-0.0110974411815604	-0.00959080100683867	"radA"	4614158	13	110	0.080736585220924
"3"	0.0796713161629671	-0.0100196181941236	NA	"IR3711"	4615518	2	110	0.080736585220924
"4"	0.0809973171093637	0.0109041394602093	-0.00207855417518775	"nadR"	4615530	41	110	0.080736585220924
"5"	0.069534545817777	0.0273580206229829	-0.0151668896684932	"pykF"	1733023	19	2	0.0725010167926005
"6"	0.0648896803658474	-0.0748248148960438	-0.0124664572462411	"ycbC"	989747	9	3	0.0630451237059066
"7"	0.0493986403884263	-0.0478213237318816	0.00241553089977648	"IR770"	990518	3	3	0.0630451237059066
"8"	0.0611976058838345	-0.0164179431961771	-0.0099655880447913	"yhiI"	3561053	7	4	0.0622229496238007
"9"	0.0173213874498117	0.00807823909011615	NA	"yhiJ"	3561665	20	4	0.0622229496238007
"10"	0.0652989808436992	-0.0393713624603678	-0.0367629524461583	"ECB_03339"	3564846	6	4	0.0622229496238007
"11"	0.0436441997588571	NA	0.0154881160497854	"yhiM"	3565635	18	4	0.0622229496238007
"12"	0.0597510552100807	-0.0271006510730972	0.000192142961013825	"ybaL"	474199	21	5	0.0597510552100807
"13"	0.0497406720737843	0.0141627588622907	NA	"IR375"	475328	10	5	0.0597510552100807
"14"	0.0705320268100331	-0.00439411811302276	0.0099886901042447	"yafC"	232929	11	6	0.0584387691447764
"15"	0.0221589961490063	-0.0690987511799661	-0.00352897128201637	"yafE"	234851	9	6	0.0584387691447764
"16"	0.063121103290263	NA	-0.00923832277754442	"yfgA"	2563076	16	7	0.0573685633305443
"17"	0.0401109434513883	-0.00945381204970953	-0.0136170334871443	"IR2051"	2563761	15	7	0.0573685633305443
"18"	0.0244733934781539	-0.0343928528726149	-0.0448022302495329	"plsX"	1162200	11	8	0.0550560341282187
"19"	0.0773477019600214	NA	NA	"IR911"	1166019	6	8	0.0550560341282187
"20"	0.0492413571179052	-0.0132708507773823	-0.0428837733903903	"ESCRE3311"	3329086	4	9	0.0527358046691376
"21"	0.0398076508990429	-0.0240964786036412	-0.0349857141608111	"relA"	2800346	25	10	0.0478235744335005
"22"	0.0534988202703581	-0.0158419946397312	0.015338976258594	"rumA"	2802628	31	10	0.0478235744335005
"23"	0.0169447522800595	-0.00312691385703699	-0.00306245243630371	"barA"	2803994	43	10	0.0478235744335005
"24"	0.0565846344319039	-0.0216415008093111	0.0108080975055226	"yfeG"	2482463	8	11	0.0476470242574904
"25"	0.0446678208660193	-0.00677883854645014	-0.0126516146040074	"yffI"	2482782	5	11	0.0476470242574904
"26"	0.015004663952496	-0.00576316640956979	-0.00297479581979394	"eutL"	2483516	8	11	0.0476470242574904
"27"	0.0252471002798721	NA	NA	"IR1996"	2484824	2	11	0.0476470242574904
"28"	0.0569836357128704	-0.0075881016049164	9.26735877752227e-05	"ydgK"	1682613	7	12	0.046937835779279
"29"	0.016800435978505	0.0126217661948817	-0.00504724037129831	"ydgR"	1690976	12	12	0.046937835779279
"30"	0.0347300877583358	-0.0158968674035868	-0.0177293142573973	"hyfE"	2527099	6	111	0.0447539192969825
"31"	0.0188152757991243	0.00787681174581218	0.00122211959319886	"hyfF"	2528301	22	111	0.0447539192969825
"32"	0.0559143313978557	0.0384344808266367	-0.0300776281706125	"hyfH"	2531000	6	111	0.0447539192969825
"33"	0.0155405862384346	0.00313265435966948	0.00761309514322826	"hyfR"	2534090	12	111	0.0447539192969825
"34"	0.0447539192969825	-0.0102739646076989	0.0048001217028262	"perM"	2536067	7	111	0.0447539192969825
"35"	0.0524727665693754	-0.0309293537539424	NA	"ycbW"	1023454	4	14	0.0438553430432171
"36"	0.018003072464742	-0.0296260868671661	-0.0443514553412035	"IR788"	1024715	9	14	0.0438553430432171
"37"	0.0297538507333622	0.00769946631407193	0.0140415238484157	"ltaE"	925124	10	15	0.0427349538080069
"38"	0.0470619881662218	0.00204213079105364	0.032541101421832	"IR726"	926012	4	15	0.0427349538080069
"39"	0.0308356324453656	0.00170176352473253	0.0090356098216746	"fruK"	2212620	15	16	0.0426590460966774
"40"	0.0374053675449282	-0.0003005017470493	0.0073723702564531	"fruB"	2213554	16	16	0.0426590460966774
"41"	0.0377829363414297	-0.0026511836942137	0.0105445827540824	"yafS"	238023	14	17	0.0396092004891798
"42"	0.0192607339257149	0.0164445798133913	-0.0027682013071823	"IR3546"	4423268	17	18	0.0385526776897527
"43"	0.0339773688727678	-0.0159207900532886	-0.000980252463235999	"ytfK"	4423379	6	18	0.0385526776897527
"44"	0.032094329347534	-0.0155598257015463	-0.0008778568648058	"ydiA"	1765011	14	19	0.0372899080598872
"45"	0.0312681378380283	-0.00618951367580032	0.00333003980021675	"ydgG"	1651486	9	20	0.0363102689067659
"46"	0.0205842691131654	-0.0029475238868344	0.00307864495117883	"dsdC"	2411262	22	21	0.0361942584573826
"47"	0.0209961980142607	0.00129105568900248	-0.00313264320899848	"dsdA"	2414361	22	21	0.0361942584573826
"48"	0.0789579685677662	0.024771541252721	-0.010400824029691	"emrY"	2414885	9	21	0.0361942584573826
"49"	0.0227902428510552	-0.000552616772880415	-0.0397327367508398	"fkpA"	3405057	15	22	0.0360788952448274
"50"	0.0405084460427514	0.0160823143324621	0.0104165960173742	"IR2753"	3405328	13	22	0.0360788952448274
"51"	0.0295696246995539	-0.008131241675402	-0.00479275935671808	"treB"	4448522	11	112	0.0349744508157342
"52"	0.034339140596103	0.00329783305063125	-0.00202586039318641	"mppA"	1392178	19	113	0.0346234246840126
"53"	0.0160190303196106	-0.0225566720748149	-0.0305034882649948	"cyoE"	417521	22	25	0.0336722631307573
"54"	0.0340334130008703	NA	-0.022203967313977	"cyoD"	418423	9	25	0.0336722631307573
"55"	0.0321411619461129	-0.0138004987622701	-0.00168961498261047	"cyoB"	419379	23	25	0.0336722631307573
"56"	0.0281845919313984	-0.0273091933392487	0.00645302958943466	"cyoA"	421685	15	25	0.0336722631307573
"57"	0.031926627326592	-0.016212000020062	-0.00131861167137862	"phnJ"	4298170	11	26	0.0326296746407605
"58"	0.0251339831537359	-0.00877799685004901	-0.027287495915636	"phnI"	4298800	6	26	0.0326296746407605
"59"	0.0333327219549289	-0.0153783601527541	0.00449429545096253	"phnF"	4301050	8	26	0.0326296746407605
"60"	0.0339883015859785	-0.0144743838706981	-0.0474877395919511	"cpdA"	3110489	12	27	0.0322909877772131
"61"	0.027199046350917	-0.0285586394764763	0.010359173651469	"yqiB"	3111211	8	27	0.0322909877772131
"62"	0.0302705533567592	0.00181788803946351	-0.00258733540207268	"galR"	2871230	19	28	0.0321859251702694
"63"	0.0259689510561968	-0.000542541068853291	-0.0121237573159116	"yccR"	1038271	8	29	0.0319917258899267
"64"	0.03399931750117	-0.00289746328593852	-0.00363471944800604	"yccS"	1039630	11	29	0.0319917258899267
"65"	0.0369852970809762	-0.0241666141232242	-0.00424031997067526	"ESCRE3291"	3307975	9	30	0.0319372787691575
"66"	0.0211514591084134	-0.0766182569123453	NA	"yhcB"	3308101	12	30	0.0319372787691575
"67"	0.0248035577321323	0.00947272446994834	-0.00219132202611927	"moaA"	809711	11	114	0.0316948687418351
"68"	0.033991972411736	0.0710033660191422	-0.0114779306313303	"moaC"	811197	4	114	0.0316948687418351
"69"	0.0161878856606141	-0.00160659797356817	-0.000371296049236137	"yhjG"	3607167	22	134	0.0314422078515818
"70"	0.0365269819152377	-0.00387111530874772	-0.00670017903585586	"yhjH"	3608170	8	134	0.0314422078515818
"71"	0.027838078590845	0.00111490353659493	-0.023142858943003	"insG"	4485049	9	33	0.0312780651782276
"72"	0.0306526965288419	NA	-0.00766577371368295	"IR2281"	2860784	6	34	0.0306526965288419
"73"	0.0272834664874652	0.00843652842819463	-0.0157650862894066	"ptsP"	2860809	34	34	0.0306526965288419
"74"	0.0435141721757458	-0.00832730472162104	-0.00891005921430716	"nudH"	2863068	6	34	0.0306526965288419
"75"	0.0259364644654501	-0.0117100214965721	-0.00216493668207775	"ykgC"	292214	13	35	0.0303107412433408
"76"	0.0317688335026377	0.0270764850137847	-0.035183091488706	"ykgD"	292907	12	35	0.0303107412433408
"77"	0.0259260216996026	0.00233667245687742	0.000122398179426175	"citF"	630091	11	116	0.0301133242868478
"78"	0.0172005235041555	0.00574250938417135	-0.0075580094216717	"aapJ"	3347066	16	37	0.0297392176870271
"79"	0.033918782414651	0.00865068568353475	0.0124027018100293	"aapQ"	3348840	16	37	0.0297392176870271
"80"	0.0281421263180546	-0.0736595209131903	-0.030311161845681	"cynT"	331601	7	38	0.0296158730719161
"81"	0.0151804703231537	-0.0111042392585831	0.00190853013531372	"iadA"	4539271	12	135	0.0293796131409401
"82"	0.0341126607468689	-0.0149717395788306	-0.00910786485932183	"yjiH"	4541259	7	135	0.0293796131409401
"83"	0.0172305960811675	-0.0208321454829542	-0.0285480135865062	"IR45"	51377	6	40	0.0289100008176432
"84"	0.0328031357298018	0.0201021921274683	0.00169365523528291	"kefF"	51823	6	40	0.0289100008176432
"85"	0.030804007057621	-0.0405437759560476	NA	"ychN"	1273414	3	41	0.0280657231000195
"86"	0.0219587648763948	-0.0160091628401763	-0.0333893459943998	"ychP"	1274215	10	41	0.0280657231000195
"87"	0.025327439142418	0.00389692549806443	0.00345802677763884	"narX"	1276679	22	41	0.0280657231000195
"88"	0.0255520522148761	NA	-0.0213609238326074	"IR2523"	3154242	6	42	0.0279757823018192
"89"	0.0287836923308003	NA	-0.0188581203746182	"ebgR"	3154293	27	42	0.0279757823018192
"90"	0.0171118187178546	NA	NA	"ychH"	1259038	7	136	0.0277520305083921
"91"	0.0312987677719046	-0.00281812832353396	-0.00347919245479478	"ychM"	1259275	13	136	0.0277520305083921
"92"	0.0276799499635773	-0.00607532689327385	0.0199334786377571	"rnd"	1865463	13	44	0.0276799499635773
"93"	0.0205546636787809	-0.0054952872646726	0.00396607198918584	"fadD"	1867272	17	44	0.0276799499635773
"94"	0.0296226223746242	-0.0176640922248808	0.00144373240776162	"ybaS"	484474	13	45	0.0273839437228082
"95"	0.0206679077673603	-0.00950245960633592	-0.00321141629563131	"ybaT"	484763	20	45	0.0273839437228082
"96"	0.0233920061113694	0.00518905232997841	0.00858690588712063	"avtA"	3670208	22	46	0.0266599497000986
"97"	0.026115445929215	-0.00343900995964533	-0.076860885678052	"IR2425"	3034206	3	47	0.0265835892539011
"98"	0.0267396370287964	-0.0140005227013319	-0.0276447403129198	"epsF"	3034628	9	47	0.0265835892539011
"99"	0.0189044536746077	-0.0126333945744985	0.0158407215238631	"udp"	3989861	17	119	0.026574343188709
"100"	0.0198409215503393	0.00234441408972158	-0.00410540004334082	"ECB_03719"	3991166	11	119	0.026574343188709
"101"	0.0333077648270787	0.0162069366468242	0.0131464654549507	"ECB_03723"	3994241	13	119	0.026574343188709
"102"	0.0299574419626296	-0.00652135384546269	0.00138281077480287	"argO"	2953953	8	120	0.0265242610895747
"103"	0.01622471847041	0.000905961441891563	-0.00790058304926622	"IR2355"	2954671	6	120	0.0265242610895747
"104"	0.0264733613917606	-0.00437157384166959	-0.00614572648725566	"yrbL"	3284317	19	50	0.0264035531106636
"105"	0.0261941282673727	-0.00199909270719384	-0.0213130211490242	"elbB"	3285289	4	50	0.0264035531106636
"106"	0.0233423388548104	0.00733577013032062	NA	"galF"	2047263	8	51	0.0262674725979544
"107"	0.0225265937357186	-0.0177303660971576	-0.010948809155131	"wcaK"	2051240	10	51	0.0262674725979544
"108"	0.0272374955409688	-0.0286782219789	-0.00386336572210671	"wcaI"	2058245	9	51	0.0262674725979544
"109"	0.0233574037689114	NA	0.042755278207183	"nudD"	2059123	7	51	0.0262674725979544
"110"	0.029045977740984	-0.0169931377264192	-0.0137701059278803	"gmd"	2060399	8	51	0.0262674725979544
"111"	0.0213531820398885	0.0221723343026255	-0.00811831148275753	"wcaD"	2064060	16	51	0.0262674725979544
"112"	0.0215365022471396	-0.0280697661577426	-0.00396290748787046	"IR2343"	2941263	6	52	0.0258942429668831
"113"	0.0258790801497422	-0.0501422306498819	NA	"zapA"	2941509	8	52	0.0258942429668831
"114"	0.0179626245131344	-0.00130873150820153	0.00252982869894149	"ycjQ"	1374075	16	121	0.0258357170152524
"115"	0.0284600811826251	-0.0102473603080417	-0.0111464565221602	"ycjR"	1374716	10	121	0.0258357170152524
"116"	0.0235055201508827	-0.0277317329619673	0.00691621202845772	"nagA"	684086	21	122	0.0254895867384131
"117"	0.0250447658736289	-0.0228211238690421	-0.0249291687456894	"ydhT"	1726043	5	55	0.024798897222003
"118"	0.0240612912671252	-0.000431082840261119	-0.0119903987533837	"ydhW"	1728561	13	55	0.024798897222003
"119"	0.0278084346445651	NA	NA	"fepC"	602637	10	56	0.0247229992992117
"120"	0.0154666932631517	NA	NA	"fepG"	602928	11	56	0.0247229992992117
"121"	0.0166826890268305	0.0019062513218442	-0.00396080258353882	"motB"	1954171	8	57	0.024587316178743
"122"	0.0300889701193903	-0.0102433180480084	-0.0132887031876799	"flhC"	1956048	11	57	0.024587316178743
"123"	0.0190856622380957	0.0142274202440318	-0.00323249902108106	"flhD"	1956742	5	57	0.024587316178743
"124"	0.0236560237734311	-0.00269006852752095	-0.0207073853092613	"ssuD"	1012499	9	58	0.0245410241379825
"125"	0.0318123864825502	-0.0284930564223504	-0.0386386662077044	"IR340"	433374	10	59	0.0245124710321309
"126"	0.0204484544497682	-0.0280418207158755	-0.0606419630964982	"hupB"	433511	10	59	0.0245124710321309
"127"	0.0213551206891912	-0.0549407590234362	-0.0498496428099882	"IR341"	433822	4	59	0.0245124710321309
"128"	0.0224567191526962	-0.00342077112875357	-0.0227162461385808	"alsK"	4286032	8	123	0.0242961078004428
"129"	0.0260927154526348	-0.0047054910687555	-0.00182748053876102	"ybcN"	544538	7	124	0.0239658926842166
"130"	0.0175854243789621	-0.00715599210260552	-0.00502478959785172	"rusA"	545266	11	124	0.0239658926842166
"131"	0.0228505825624599	0.00389618037758251	-0.0152184313330705	"metL"	4109986	27	62	0.0236152079626223
"132"	0.0181534311256977	0.00315265320223136	-0.0231777581125766	"ECB_02800"	3000615	37	63	0.0235309027612794
"133"	0.0253233933064733	NA	NA	"IR2395"	3002498	7	63	0.0235309027612794
"134"	0.0248764161953148	0.00316560702785035	0.0180688279814471	"yjgR"	4472312	15	64	0.023483865685066
"135"	0.0193062141543195	-0.0173190384390689	0.0187949342751681	"idnO"	4476342	14	64	0.023483865685066
"136"	0.0168405995093523	0.0159863630193273	-0.00658508356136743	"ECB_03566"	3823523	25	65	0.0234450040590014
"137"	0.0202357812639786	NA	NA	"yidP#1"	3824345	4	65	0.0234450040590014
"138"	0.0266542268540241	0.0101035674238537	-0.0142376555014356	"yidP#2"	3824827	7	65	0.0234450040590014
"139"	0.0222525835383822	0.00491129747948173	0.015757535348455	"yiaK"	3673213	9	66	0.0232937956893439
"140"	0.0223536440928012	0.000810912155443943	-0.0230567410973628	"ybjD"	933280	16	67	0.0232254208674463
"141"	0.0211536108518226	-0.000717545235841345	-0.0177040922837332	"rna"	626249	14	68	0.0231315349562791
"142"	0.018598716453436	-0.0202243182146281	-0.0181617619491856	"glpR"	3488468	15	69	0.0229437935374851
"143"	0.0243921525655015	-0.00194145383164251	-0.0197506024476479	"glpG"	3489957	8	69	0.0229437935374851
"144"	0.0234323456763987	-0.013474645474993	-0.0285118388762882	"thiH"	4170374	8	70	0.0229099776867331
"145"	0.0213428737177365	-0.0235683075479457	NA	"thiS"	4172264	3	70	0.0229099776867331
"146"	0.0193679862481068	0.00100923797092147	0.0025415560957912	"lacZ"	336830	35	71	0.0227430472076036
"147"	0.0217481549161002	0.00203385089607395	-0.0154959856796716	"mhpR"	340589	8	71	0.0227430472076036
"148"	0.024059768067889	-0.00557618392289155	-0.00563386577237602	"narP"	2240737	10	72	0.022669075510874
"149"	0.0184969978398289	0.0134056519407477	2.34573861058705e-05	"ccmG"	2242638	7	72	0.022669075510874
"150"	0.0211223514322253	-0.0457359002880654	-0.0274703321838158	"glnE"	3129728	46	125	0.0224816600054821
"151"	0.0208370862791051	-0.00488317433102023	0.00100917709139258	"IR1923"	2404857	15	74	0.0224303087965679
"152"	0.0209963380904149	-0.00606846964804488	0.0137794508014701	"fadL"	2405433	24	74	0.0224303087965679
"153"	0.0219663942969521	-0.00950990895372436	-0.0370640228260794	"fdhE"	4058790	9	75	0.022364661300559
"154"	0.0224974169684279	-0.00105780764831562	-0.00740870855534023	"fdoI"	4059601	17	75	0.022364661300559
"155"	0.0163097468411588	-0.00318872102927234	0.00283909980824643	"ptr"	2850851	36	76	0.0217282989133155
"156"	0.0233908403036812	0.00231926093309657	-0.00025233865366073	"IR2277"	2853600	6	76	0.0217282989133155
"157"	0.0208642044735678	7.10789120858692e-05	0.0142609518481136	"ycfT"	1189046	20	77	0.0215824093470176
"158"	0.0218218109715009	NA	-0.00998899037806937	"IR930"	1189788	5	77	0.0215824093470176
"159"	0.0194206262869355	-0.00593385866150869	-0.0115808434841209	"yqhA"	3083521	11	78	0.0210688448222827
"160"	0.0216182510007318	-0.013752203225363	-0.00247372312315605	"yghA"	3084223	8	78	0.0210688448222827
"161"	0.0150804359208308	-0.00532739244712047	0.00159580960210362	"atoS"	2267395	28	79	0.020844620222768
"162"	0.024097128148501	-0.0173053254723601	NA	"atoD"	2270645	7	79	0.020844620222768
"163"	0.0175921122970351	0.00836766779571856	-0.0296769136931359	"atoB"	2273229	18	79	0.020844620222768
"164"	0.0221131106328814	-0.0164162725606089	-0.00746091259673174	"rhaA"	4075172	7	126	0.0206476253436389
"165"	0.01803412822916	0.00389953560669735	0.00400302381457643	"rhaS"	4077576	9	126	0.0206476253436389
"166"	0.0216441595717938	-0.00512221385836603	-0.0290634915000008	"tauA"	354519	12	81	0.0206228601448157
"167"	0.0175589618638814	0.00829414461409692	0.00439857074193225	"tauD"	357320	12	81	0.0206228601448157
"168"	0.0187484222282051	0.00581947349540079	9.97477317241e-05	"malK"	4225726	17	82	0.0205810642754088
"169"	0.0159861013204247	-0.00526392787481542	0.0114802480426278	"proV"	2699733	10	83	0.0203856981339463
"170"	0.0231387565745771	-0.000905382670027551	-0.0050815461903612	"proX"	2702631	11	83	0.0203856981339463
"171"	0.0176326396933154	0.00359085353314691	-0.0226484246005722	"ECB_02536"	2703581	12	83	0.0203856981339463
"172"	0.0191411522332734	-0.00826884652458198	-0.00277586075375124	"yihG"	4023974	22	84	0.0203412055913558
"173"	0.0211104488258844	-0.00530404466275412	-0.00591236145453031	"clpA"	940938	20	127	0.020146568952583
"174"	0.0172549293326788	-0.00283315811018834	-0.0151812473537032	"IR737"	942450	5	127	0.020146568952583
"175"	0.0173250730068421	0.00356854724880592	0.0102657455064887	"ybaE"	438258	39	86	0.0201273692309299
"176"	0.0210614679722925	0.00791871753956044	-0.0208004145793223	"cof"	440042	16	86	0.0201273692309299
"177"	0.0209779210713618	0.00502629802679864	-0.0391541946654586	"ybgI"	723883	7	87	0.0199488831432759
"178"	0.0168617693590181	0.014661031305515	0.000992305981994403	"abrB"	727530	11	87	0.0199488831432759
"179"	0.0174399365185124	-0.00246553101911743	0.00319371275351516	"ECB_01994"	2107109	37	128	0.0197550533422012
"180"	0.0205267589500974	-0.0130031438204029	-0.0374198309152391	"ECB_01996"	2108705	13	128	0.0197550533422012
"181"	0.0201280680879485	-2.50308341248002e-05	0.0264422499335709	"ydgA"	1667664	9	89	0.0197064977509392
"182"	0.0184417867399113	0.0106517294227065	0.00362092143989795	"uidA"	1671587	16	89	0.0197064977509392
"183"	0.0184687406971201	-0.00723189892009736	-0.00462851846935529	"flhA"	1941774	17	137	0.019680782013874
"184"	0.0157349960217216	0.00129261165909796	-0.00182271823170578	"yjjP"	4591635	11	91	0.0196214856316508
"185"	0.0209169821682938	-0.00792436744102391	-0.0138986053506683	"yjjQ"	4593201	12	91	0.0196214856316508
"186"	0.0150066861289252	0.000715981283897387	0.00266337421944671	"ycgB"	1236390	18	92	0.0194699437779841
"187"	0.0218746409049447	0.00251696943003137	0.0112513235723611	"dadA"	1238159	26	92	0.0194699437779841
"188"	0.0194699437779841	-0.00658776071709605	-0.00148486087128181	"dadX"	1239069	17	92	0.0194699437779841
"189"	0.0159139251144187	-0.0141351295654184	-0.0259912718260364	"cvrA"	1241126	25	92	0.0194699437779841
"190"	0.017958175909276	-0.01184738153262	NA	"IR3626"	4514851	2	130	0.0192818013539061
"191"	0.0200952842711652	-0.0287120961403432	0.00619655088031645	"srlD"	2722636	9	94	0.019205154997244
"192"	0.0165347671754805	-0.0219101136362195	NA	"gutM"	2723738	5	94	0.019205154997244
"193"	0.0200357744245337	-0.0169306213654287	-0.00521349631767615	"astD"	1806537	9	95	0.0192047062068991
"194"	0.0167115015539955	0.0019971157582658	-0.00418956780991593	"astC"	1808866	17	95	0.0192047062068991
"195"	0.0158348507667623	-0.00156081310563565	-0.0180259976289066	"yraQ"	3232684	10	96	0.0185955619810414
"196"	0.0195157990524677	-0.0256565743972704	0.00388154961106718	"yraR"	3233564	6	96	0.0185955619810414
"197"	0.0186841518924153	NA	NA	"spoT"	3762436	24	97	0.0182916799937581
"198"	0.0171142642977865	0.0106963505762288	-0.0133330556216734	"ECB_03510"	3765921	12	97	0.0182916799937581
"199"	0.016380803439941	0.00487025817284993	-0.00625452507144444	"thiP"	76852	23	131	0.0182801927234259
"200"	0.0207183124255954	0.00348082015064516	-0.00131967402925422	"tbpA"	77641	9	131	0.0182801927234259
"201"	0.0167585880572637	0.00728308231917747	0.00226317923223305	"sgrR"	78480	17	131	0.0182801927234259
"202"	0.0176792053947604	0.00641474158145202	0.000528952277514177	"fhuE"	1173984	38	99	0.0181669756809423
"203"	0.0183295657763363	0.0040023405741267	-0.00985200728721344	"nagZ"	1179038	10	99	0.0181669756809423
"204"	0.0186187578236012	-0.000635534932276295	-0.0030112378694269	"ECB_04076"	4411456	16	100	0.0178812788405271
"205"	0.0156688418913046	-0.00271405096613456	-0.0171160996333342	"ytfA"	4412996	7	100	0.0178812788405271
"206"	0.017101283943339	-0.0134505653948491	-0.00735048088472773	"ybhJ"	784271	27	101	0.0178590532172629
"207"	0.0167901505551461	0.00173142364011684	0.00148491835408652	"ybhC"	786535	28	101	0.0178590532172629
"208"	0.0186168224911868	0.00336788853216864	-0.00521330005277964	"int#1"	788023	10	101	0.0178590532172629
"209"	0.0174252729869865	-0.0109162412239448	-0.0400341693936629	"IR2788"	3447912	9	102	0.0173690064528249
"210"	0.0172002068503402	0.0093010979507479	-0.013338419197568	"hofQ"	3449020	19	102	0.0173690064528249
"211"	0.0178658389684231	-0.00101686112653146	-0.017602854141654	"ybiU"	850374	15	103	0.0172921752252301
"212"	0.0155711839956512	0.00420436915844681	-0.00302792810179462	"ybiV"	852064	10	103	0.0172921752252301
"213"	0.0168009049496768	-0.00980169856850523	NA	"kpsE"	3013816	18	104	0.0168009049496768
"214"	0.0153779442032623	-0.0076204346566024	-0.0329499478714637	"kpsD"	3015155	28	104	0.0168009049496768
"215"	0.016266725139659	-0.00315141452205876	0.0128178205419441	"fucO"	2820805	16	105	0.016774081791659
"216"	0.0164864287463523	-0.0409327344817668	-0.0151349194230743	"sgcR"	4506507	8	138	0.0163766521800454
"217"	0.0160473224811249	-0.00468685521562762	-0.0438047901155776	"sgcE"	4507546	7	138	0.0163766521800454
"218"	0.0159848468356996	-0.0053751742052961	1.25220055488973e-06	"ascF"	2734946	15	107	0.0162832864402814
"219"	0.0164022845839547	-0.00184695015106088	-0.0100056308917082	"cobT"	2001907	9	139	0.0161812100049759
"220"	0.0155179862680393	0.000431119728144075	-0.047645003185776	"cobS"	2003016	8	139	0.0161812100049759
"221"	0.0155324525759008	NA	-0.0122188904476159	"IR3373"	4206468	7	109	0.0156746521148966
"222"	0.0639850565374322	-0.0289729025838401	NA	"ESCRE1328"	1329096	4	110	0.103582515325185
"223"	0.0543391597384612	-0.0402713238984601	-0.107453666603257	"fruR"	91676	8	111	0.0543391597384612
"224"	0.0176505537817518	NA	-0.0117420362042412	"IR73"	92135	7	111	0.0543391597384612
"225"	0.0450369330030476	-0.0167734558963657	-0.042372694021861	"ECB_02648"	2824221	11	112	0.0450369330030476
"226"	0.0362456981875074	0.0220563223475895	NA	"IR2257"	2824525	6	112	0.0450369330030476
"227"	0.0154970312744956	-0.0087507984942195	0.00427027875501064	"ECB_02649"	2825733	15	112	0.0450369330030476
"228"	0.0351152400304262	-0.0130817368049875	-0.0108810303134034	"fabR"	4140929	11	113	0.0447967448556504
"229"	0.0432902100498923	0.000503257336023459	0.0074113530042182	"rob"	4622903	9	114	0.0432902100498923
"230"	0.0154381002239099	-0.00477062477093523	-0.0482179676353141	"creA"	4624019	8	114	0.0432902100498923
"231"	0.0432643934136712	NA	-0.0224873082558271	"IR1550"	1894138	7	134	0.0432643934136712
"232"	0.0349916118240412	-0.0092473431172357	-0.00860103987176005	"yebR"	1894286	6	134	0.0432643934136712
"233"	0.0412299016435987	-0.0278503847668517	NA	"yibN"	3725646	11	116	0.0412299016435987
"234"	0.024746121676055	-0.0048279400327269	-0.041668936026511	"IR2983"	3725961	5	116	0.0412299016435987
"235"	0.0274254336915555	-0.0110139674255277	-0.00239925620601491	"selD"	1824395	7	135	0.0392757876824565
"236"	0.0412602040893667	NA	-0.011611281911795	"ydjA"	1825787	4	135	0.0392757876824565
"237"	0.0269321126185352	-0.00657711819506967	-0.0237670855357526	"yadL"	154703	6	136	0.0374958049339475
"238"	0.0293440097373619	0.0514471398912206	-0.00548688165911352	"ecpD"	158814	8	136	0.0374958049339475
"239"	0.0152315213540422	-0.00441190344310896	-0.00991197017106638	"flhB"	1944616	11	119	0.0370072843327132
"240"	0.0562030839062471	-0.00198631753864685	-0.0151222458401522	"IR1592"	1945031	3	119	0.0370072843327132
"241"	0.0238525685244148	-0.0194068404234449	0.0129071456445685	"cheZ"	1945426	5	119	0.0370072843327132
"242"	0.0225497125710382	-0.0216046888233639	-0.0369128740961308	"cheB"	1946227	9	119	0.0370072843327132
"243"	0.0370072843327132	0.00383578102850005	0.0323726195400601	"tap"	1948177	10	119	0.0370072843327132
"244"	0.0290269671620342	-0.00514117272130927	0.00762932819229562	"mrp"	2144305	18	120	0.0364857717354722
"245"	0.0360129754789743	-0.0140265012602229	0.0300933213964276	"agaV"	3213462	5	121	0.0360129754789743
"246"	0.0219374027330203	-0.0251395823391712	0.00399816986771588	"agaS"	3217210	13	121	0.0360129754789743
"247"	0.029198751841562	-0.00395471263573948	-0.0162533392459897	"dmsC"	961184	6	122	0.0352342438199155
"248"	0.033004986234148	-0.0794171801076964	0.0360098548411121	"ycbG"	1035655	7	123	0.0346070083173857
"249"	0.0314688374784821	-0.00605280575981243	-0.00362612230765263	"mdtG"	1129287	20	124	0.0338309688486183
"250"	0.0313362381921703	-0.0136240869312686	-0.00700661553648071	"ybbW"	509934	16	125	0.0313362381921703
"251"	0.0210103615556497	0.00719648858975452	0.00320942819481608	"allB"	512335	15	125	0.0313362381921703
"252"	0.0277230365651141	-0.0242632183481464	-0.0105825347085868	"rof"	216561	4	126	0.0305837595833049
"253"	0.0305837595833049	-0.0464186683208108	-0.0108618322495142	"yaeP"	216903	9	126	0.0305837595833049
"254"	0.0169673139966331	0.00544477910864881	-0.00433584207190358	"yaeQ"	217408	6	126	0.0305837595833049
"255"	0.0254807723471479	-0.00239487293334503	0.00192244550330003	"ydcZ"	1487993	7	127	0.029796580654549
"256"	0.029485044139925	-0.0239281290334503	NA	"IR3448"	4310855	3	128	0.0295103311082822
"257"	0.0295103311082822	-0.00673295036107318	0.00372970621888844	"basS"	4311657	7	128	0.0295103311082822
"258"	0.0250314726361733	-0.00393753830765028	-0.0120394958587673	"recJ"	2922778	9	137	0.0293612363269947
"259"	0.032437669729762	-0.0266858733133817	-0.0363267989733319	"yacC"	139503	7	130	0.0291597090583137
"260"	0.0306874335371452	-0.0219475067824784	-0.0615077126369575	"IR101"	139727	6	130	0.0291597090583137
"261"	0.0324513824368269	0.0129732249515422	-0.00885926518399442	"yphD"	2597302	7	131	0.0284980608232879
"262"	0.0284980608232879	-0.00381021830005058	-0.0048594905966509	"yphE"	2598611	18	131	0.0284980608232879
"263"	0.0237645492320682	NA	-0.0259567576583701	"IR2792"	3457307	4	138	0.0277323101085928
"264"	0.0277323101085928	-0.00366427574142549	0.00212149102234478	"hslO"	3459209	6	138	0.0277323101085928
"265"	0.027615122332176	-0.0095990904201132	-0.0120119169615645	"hgdC"	4544868	7	139	0.027615122332176
"266"	0.0199999389470646	0.0050414803243794	-0.0283466560141374	"yjiM"	4546401	18	139	0.027615122332176
"267"	0.0275076611204193	NA	NA	"IR3121"	3895116	2	134	0.0268693066776779
"268"	0.0268693066776779	NA	NA	"rbsD"	3895178	11	134	0.0268693066776779
"269"	0.0214014063915799	0.0015703782694793	0.00177073398663875	"yniC"	1786645	12	135	0.0267384917702551
"270"	0.0341015372429788	0.00420723342102881	-0.00042764642494266	"yfaD"	2303649	10	136	0.0267266458108647
"271"	0.0267266458108647	0.00873817648429397	0.0095718798270815	"yfaU"	2305142	13	136	0.0267266458108647
"272"	0.0239126824449134	0.01125548051072	-0.00119133091994944	"rspB"	1630474	9	137	0.0258243574281811
"273"	0.0255533736036858	-0.0806558603167487	0.00104817075331706	"ynfA"	1632669	5	137	0.0258243574281811
"274"	0.0254658365584612	-0.00806582705099712	NA	"yiaF"	3649032	8	138	0.0254658365584612
"275"	0.0388907790835716	-0.0187234720220957	-0.0279564839026775	"IR2928"	3649794	4	138	0.0254658365584612
"276"	0.0219889364382471	-0.00463320136753901	-0.0253128204676675	"IR2961"	3691228	3	139	0.0253928369865735
"277"	0.0253088467601234	-0.0180704123726508	-0.00376249024536945	"arsR"	3579219	5	140	0.0246881632390673
"278"	0.0246881632390673	0.00477718167903956	0.00499504176457575	"arsB"	3579626	16	140	0.0246881632390673
"279"	0.0234865739645945	NA	NA	"IR2877"	3580920	3	140	0.0246881632390673
"280"	0.0500361545833045	-0.0122695582546463	-0.00747070309017117	"arsC"	3581106	9	140	0.0246881632390673
"281"	0.0380815398295895	0.0202613351650234	-0.0327583933264124	"IR3379"	4212468	6	141	0.0245954004155942
"282"	0.0213695270353987	-0.000147960291968448	NA	"ESCRE4436"	4450695	4	142	0.0243789847962765
"283"	0.0243789847962765	0.00192350602936416	0.0315225565389071	"mgtA"	4452815	36	142	0.0243789847962765
"284"	0.0275535811293322	-0.0268981419013178	-0.00626294191041672	"fixB"	47462	5	143	0.0237611359157853
"285"	0.0237611359157853	-0.0165488674424826	-0.0153133762000642	"fixC"	48805	7	143	0.0237611359157853
"286"	0.0204478904426778	NA	NA	"fixX"	49801	1	143	0.0237611359157853
"287"	0.028407949449131	-0.0125000375659501	-0.00178776626209922	"hcaC"	2591868	6	144	0.0236953394033026
"288"	0.0236953394033026	-0.0152776964609845	0.00156236915754313	"hcaD"	2593591	14	144	0.0236953394033026
"289"	0.0160922710872313	-0.00458332388765944	-0.00029046099620572	"ydaO"	1408210	4	145	0.0236442731016944
"290"	0.0236442731016944	0.00467845947050831	-0.010654806654283	"recE"	1413712	29	145	0.0236442731016944
"291"	0.0235414974478928	0.026390198892117	-0.0265844227269889	"ulaB"	4399758	4	146	0.0235414974478928
"292"	0.0260571217509207	-0.00164334895781672	0.000398174796158275	"ulaF"	4402098	8	146	0.0235414974478928
"293"	0.023159177344558	-0.00403226195033745	-0.0128273417791503	"yghB"	3087743	6	147	0.023159177344558
"294"	0.0363886565314553	0.000379192596897721	-0.00804519454869627	"yqhC"	3089110	5	147	0.023159177344558
"295"	0.0208152996380176	-0.00362260133288785	-0.0185985659643048	"eamA"	1588007	13	148	0.0229936648900728
"296"	0.0165574375907766	-0.0154296611523263	-0.00559950327109851	"maeB"	2497819	12	149	0.0227039356444866
"297"	0.0227039356444866	0.0107592646298906	-0.00486822135728611	"talA"	2499845	19	149	0.0227039356444866
"298"	0.0188715090407874	NA	-0.00512209046457797	"ECB_02330"	2476840	4	150	0.0225863066198334
"299"	0.0259719136563435	0.00842989827726591	-0.000193825489111013	"yfeX"	2477020	9	150	0.0225863066198334
"300"	0.0158033822345322	-0.0100891020291622	-0.0426981086946153	"IR2091"	2620047	9	151	0.0223703343224039
"301"	0.0223703343224039	0.0135569518617178	-0.0266366817739094	"yfhH"	2620306	8	151	0.0223703343224039
"302"	0.016612047211646	0.0320866468344747	-0.00834084350564313	"add"	1679794	5	152	0.0220745034971679
"303"	0.0220745034971679	0.00355545502944314	-0.0193326372320432	"ydgJ"	1680525	18	152	0.0220745034971679
"304"	0.0240302164367042	-0.007478659413045	NA	"IR1359"	1681689	7	152	0.0220745034971679
"305"	0.0168177927333867	0.00295041833980754	-0.00027450729988895	"dhaH"	1247915	19	153	0.021773546191222
"306"	0.021773546191222	-0.00511541311617362	-0.00729407137266228	"dhaK"	1249919	17	153	0.021773546191222
"307"	0.0251548541491927	-0.00670505327762307	-0.00489206391406182	"IR1724"	2121233	5	154	0.0217321858002288
"308"	0.0217321858002288	0.00912503651193207	-0.0202861088378761	"ECB_02012"	2121687	10	154	0.0217321858002288
"309"	0.0238755747103541	-0.0184263236479073	-0.0108792669270428	"yhdN"	3367049	5	155	0.0215101722790185
"310"	0.0220496813322986	-0.0405603821167402	0.0259759989948765	"rnb"	1346035	23	156	0.021246630601946
"311"	0.0211912044116972	0.0233609995847935	-0.0253404352852398	"J"	899674	6	157	0.0211912044116972
"312"	0.0327513098412611	0.0214057463557988	-0.00731137593804845	"I"	900068	11	157	0.0211912044116972
"313"	0.0236954007908212	-0.0170193570893677	-0.00697114628729175	"pyrI"	4454285	5	158	0.021182091766245
"314"	0.0222167411945072	-0.012188031858599	-0.0123610973015985	"yqgC"	2972018	7	159	0.021142988489462
"315"	0.021004798496057	-0.03570701828637	0.000276611213341615	"dcrB"	3540831	5	160	0.021004798496057
"316"	0.0170170749862291	-0.00574064308737574	-0.0125149475566451	"yhhS"	3542074	10	160	0.021004798496057
"317"	0.0207775489150899	-0.0222302394710413	-0.0124026389533222	"yqjC"	3182368	3	161	0.0207775489150899
"318"	0.0166585284579595	NA	NA	"IR2546"	3182381	5	161	0.0207775489150899
"319"	0.0413912590304174	-0.0210247743832539	-0.0002094692831212	"ygjP"	3168788	11	162	0.0207207485345864
"320"	0.0283786916744104	-0.00454863000755346	-0.0309396850203498	"ygjQ"	3169826	11	162	0.0207207485345864
"321"	0.0270931108767005	0.0125781121168392	0.00312769634396648	"yfbE"	2312626	7	163	0.020619661857646
"322"	0.0204981470935018	-0.02384890150402	NA	"IR3694"	4595727	5	164	0.0204981470935018
"323"	0.0260341240823821	-0.015556364019983	-0.0414122289929379	"rsmC"	4595904	12	164	0.0204981470935018
"324"	0.0210263523054834	-0.00268448666656137	-0.00446413811345896	"yeeO"	1996380	20	165	0.0204904577246161
"325"	0.0203028068483082	-0.00405001901807245	-0.00495792046178821	"IR682"	873210	10	166	0.0203028068483082
"326"	0.0231722621496196	-0.0125761043823874	-0.0148623029414282	"dacC"	874082	12	166	0.0203028068483082
"327"	0.0248904789500006	-0.0254736550423414	-0.00802330978478339	"hycI"	2737451	7	167	0.0200445036842076
"328"	0.0384290510675626	-0.0251682432960234	-0.00589537586100512	"hycH"	2738048	6	167	0.0200445036842076
"329"	0.0200445036842076	9.03544707547041e-05	-0.00611939203572642	"hycE"	2739623	20	167	0.0200445036842076
"330"	0.0164011304330308	0.000600976736064178	0.00098019690093504	"marC"	1585534	7	168	0.0199256237701625
"331"	0.0199256237701625	-0.00989725285783306	0.0105708906544693	"ECB_01488"	1586588	14	168	0.0199256237701625
"332"	0.0257632470333054	-0.032762853557017	-0.0051064915798723	"ygcR"	2784297	5	169	0.0197476754344268
"333"	0.0195034810045053	0.00522973955091367	0.00243941594964208	"mngA"	746866	23	170	0.0195394799450328
"334"	0.0206843371081758	-0.00817095017156437	-0.00500702358956583	"yqeB"	2898372	20	171	0.0193624748119841
"335"	0.019950615957618	-0.0304072989493578	-0.00681234320816955	"yqeC"	2900043	13	171	0.0193624748119841
"336"	0.0158168481192801	0.00750585300230179	0.0099308672240876	"yeaV"	1862803	9	172	0.0192942033813938
"337"	0.0181596055963381	0.000424989817357216	0.00936415707856022	"yeaW"	1863268	12	172	0.0192942033813938
"338"	0.0202909464386349	0.00127078250358845	0.00845983708322279	"yeaX"	1864750	15	172	0.0192942033813938
"339"	0.0192538122742863	-0.0138238831922486	0.00863180944009881	"ypeA"	2479305	3	173	0.0192538122742863
"340"	0.043909329415514	-0.0204465756619262	-0.0201103303157691	"IR1990"	2479835	6	173	0.0192538122742863
"341"	0.024853042654855	-0.00490440753263192	NA	"ompT"	560386	8	174	0.0191318953650489
"342"	0.027522560541822	-0.019402683649771	NA	"IR446"	562407	5	174	0.0191318953650489
"343"	0.0452388397470382	-0.0101181659862805	NA	"ybcH"	563104	10	174	0.0191318953650489
"344"	0.0155696026725377	0.0179152886334799	NA	"dppD"	3633990	23	175	0.0188758403164815
"345"	0.0188758403164815	-0.00429637899149497	-0.0180533961252882	"dppC"	3634933	13	175	0.0188758403164815
"346"	0.0206504563252545	0.0154188745778045	-0.0273209839837284	"IR2919"	3638164	15	175	0.0188758403164815
"347"	0.0218724106702431	-0.00490296428654728	0.00101246418449675	"gidB#2"	3883834	9	176	0.0188205763288179
"348"	0.0187761049073378	0.0025193728728654	NA	"cusS"	575220	15	177	0.0187761049073378
"349"	0.0185676231218526	NA	NA	"IR453"	576376	3	177	0.0187761049073378
"350"	0.0176735589013788	-0.0145355295018452	NA	"cusC"	576988	16	177	0.0187761049073378
"351"	0.0172366071354864	0.00918250988744551	-0.0269045092804225	"acpT"	3543658	5	178	0.0185826712294414
"352"	0.0185826712294414	-0.0160569792068233	0.00292431845261892	"nikE"	3549003	13	178	0.0185826712294414
"353"	0.0163662949630113	0.0220112476217767	-0.0108382521982512	"nikR"	3549310	6	178	0.0185826712294414
"354"	0.0170165063483905	-0.00449394924584367	-0.014565486909958	"IR1955"	2443824	5	179	0.0183441243251659
"355"	0.0183441243251659	0.00134939473474577	0.00426242414109094	"yfeO"	2444775	17	179	0.0183441243251659
"356"	0.0164428477452829	0.0127010407085537	-0.00196965611053666	"yfbJ"	2319664	7	180	0.0182412526975604
"357"	0.0182412526975604	0.00799528517193394	-0.0492297342575562	"pmrD"	2319808	6	180	0.0182412526975604
"358"	0.0256556690930329	-0.00406590369338416	0.00465742599448894	"yfiL"	2662801	7	181	0.0181718993225633
"359"	0.0238281855152381	-0.00934536907481589	-0.01141127085414	"entC"	608011	14	182	0.0181527507641416
"360"	0.0181527507641416	0.0183174805747146	0.0172442258588477	"entE"	608966	13	182	0.0181527507641416
"361"	0.0179930671549552	-0.0254319123294438	-0.00304223721607167	"yaiE"	376015	4	183	0.0179930671549552
"362"	0.0339191522693809	-0.0616751561067766	0.0312725157209155	"ykiA"	376425	6	183	0.0179930671549552
"363"	0.0175819834195406	-0.00151310038298656	-0.0644269469754042	"dinF"	4236751	21	184	0.0175819834195406
"364"	0.016820845672676	NA	-0.0212017163755141	"yjbJ"	4238252	4	184	0.0175819834195406
"365"	0.0283697720257425	-0.0259487474382154	-0.0172321637275975	"yjgI"	4456643	7	185	0.0175740692343689
"366"	0.0175740692343689	-0.00170482776410817	0.0172617989857001	"yjgJ"	4457611	17	185	0.0175740692343689
"367"	0.0174490116553019	0.00636756229822504	0.001126793035776	"kefB"	3406708	27	186	0.0174490116553019
"368"	0.016651604837935	-0.012583210765931	-0.0272626096678155	"kefG"	3408893	10	186	0.0174490116553019
"369"	0.0209036491805386	-0.00415972010260317	NA	"IR2757"	3409091	3	186	0.0174490116553019
"370"	0.0287467374796187	-0.00978663391857398	0.00845837121218181	"abgT"	1398509	21	187	0.0172728337500386
"371"	0.0475543372586177	-6.08140347952706e-05	-0.010654010156949	"abgR"	1402000	11	187	0.0172728337500386
"372"	0.0160575100135706	-0.014933756265083	-0.000805641438132273	"flgD"	1146664	3	188	0.0172543583509627
"373"	0.0154598137645711	0.00343105258098828	NA	"IR896"	1149136	5	188	0.0172543583509627
"374"	0.0249129237452069	-0.00375000303401608	0.000176439661026683	"flgI"	1150865	11	188	0.0172543583509627
"375"	0.0172543583509627	0.00434305759987624	-0.0242921562065955	"flgJ"	1152001	11	188	0.0172543583509627
"376"	0.0171258646244379	-0.00126308370496304	-0.00525044362257869	"rutG"	1084796	15	189	0.0171258646244379
"377"	0.0251857111990509	-0.00411261078686859	-0.0102732884932971	"rutC"	1088203	3	189	0.0171258646244379
"378"	0.0193329199071116	-0.0405829993116756	NA	"ECB_01145#1"	1221065	9	190	0.0170838747071703
"379"	0.0170838747071703	-0.0240467812873313	0.00217853202411519	"ECB_01145#2"	1222055	10	190	0.0170838747071703
"380"	0.0343191832653314	NA	-0.0638837766689747	"ymgD"	1222693	6	190	0.0170838747071703
"381"	0.0176228290597441	-0.0154416634420201	-0.015868714076954	"yjfJ"	4388951	5	191	0.0170700264281827
"382"	0.0208721272968826	-0.0171831959178683	-0.013444263080742	"yjfK"	4389904	5	191	0.0170700264281827
"383"	0.0298213700317943	-0.00122667282103483	NA	"yjfL"	4390508	4	191	0.0170700264281827
"384"	0.0173430254670002	0.0188921197110621	-0.0124736554672019	"yjfM"	4390772	9	191	0.0170700264281827
"385"	0.0170700264281827	0.00765955991808351	0.0125263960303009	"yjfC"	4391614	20	191	0.0170700264281827
"386"	0.0249353325005323	0.0175326555803231	NA	"IR123"	164915	4	192	0.0169300643437508
"387"	0.0169300643437508	-0.00999626658023352	-0.00580128234057868	"hrpB"	166631	27	192	0.0169300643437508
"388"	0.0302355840325688	-0.00143932699875004	-0.00923397259158438	"ybgA"	720076	6	193	0.0168834539475781
"389"	0.0168834539475781	-0.00716919396224519	0.00768884327284723	"phr"	721442	14	193	0.0168834539475781
"390"	0.0213705324801161	-0.00124668920539566	0.00646814522587492	"sufE"	1736292	7	194	0.016813771497875
"391"	0.016813771497875	-0.00773287905927416	-0.00356432195201507	"sufS"	1737415	15	194	0.016813771497875
"392"	0.0167553076406149	-0.00663038514117767	0.00517695893217712	"uvrC"	1972119	31	195	0.0167553076406149
"393"	0.025489021344517	0.011453278377897	0.00461948003958987	"uvrY"	1972881	5	195	0.0167553076406149
"394"	0.0373868306676426	NA	NA	"IR1621"	1973232	2	195	0.0167553076406149
"395"	0.0227807055610231	-0.0155747338980203	-0.0366198705565246	"deoT"	1341997	6	196	0.0166128660154628
"396"	0.0205902560617248	-4.89027838902513e-05	-0.021494098520823	"yibK"	3721982	13	197	0.0165951054157529
"397"	0.0163865024474334	-0.000171441557896571	0.029068692543408	"IR55"	68589	6	198	0.0163865024474334
"398"	0.0197512202458697	-0.00296703392121898	-0.00493908247751393	"araD"	68907	9	198	0.0163865024474334
"399"	0.0163265067892156	-0.0190421302502006	NA	"IR3010"	3754992	6	199	0.0163265067892156
"400"	0.0276737908678666	-0.00572523800848565	0.0125804445502603	"yicC"	3755439	6	199	0.0163265067892156
"401"	0.0162237056558025	0.0185435171865129	-0.00166538083929934	"ECB_02260"	2395102	16	200	0.0162237056558025
"402"	0.0217954406249393	-0.00366726359107433	-0.00179976228034211	"yfcS"	2395825	10	200	0.0162237056558025
"403"	0.01591883776051	0.00682478935300248	NA	"ypdB"	2434663	6	201	0.01610140737637
"404"	0.0178912050844715	-0.00283410507460708	-0.0165736924830768	"IR3605"	4490619	5	202	0.0159753419369104
"405"	0.0159753419369104	-0.000723057900081851	-0.00415988122223567	"ECB_04148"	4491353	28	202	0.0159753419369104
"406"	0.0199884787792602	-0.0102487822146423	NA	"IR3606"	4492672	9	202	0.0159753419369104
"407"	0.015564219162107	-0.00370819222501869	0.00596801857684384	"ECB_01903"	2005754	8	203	0.0157283212438365
"408"	0.0157115297851347	0.00441362044555834	0.011233127940859	"mbhA"	254927	11	204	0.0157115297851347
"409"	0.0228048436724742	-0.00681475935538508	0.0119482986142242	"dinB"	255466	14	204	0.0157115297851347
"410"	0.0156660638263563	0.00665252229282602	-0.000166673922513614	"yagT"	272079	4	205	0.0156660638263563
"411"	0.0208543370123686	0.00471095725348102	0.0157530292783527	"IR211"	273053	13	205	0.0156660638263563
"412"	0.0213198271383835	-0.00209218411546095	0.00447140257420883	"yjjU"	4601658	17	206	0.015654134467319
"413"	0.0156456626045799	0.0516262997643789	-0.025251131027395	"IR1532"	1875427	2	207	0.0156456626045799
"414"	0.0255502459888231	-0.00917838503281925	-0.0141793214915876	"sdaA"	1876048	18	207	0.0156456626045799
"415"	0.0155575532959352	-0.00722849877880177	-0.107152879671165	"narH"	1283795	12	208	0.0155575532959352
"416"	0.0264048905792702	-0.000591220880344061	-0.0361619728269237	"narJ"	1285843	4	208	0.0155575532959352
"417"	0.0178566315602707	-0.0193817052240403	-0.00450096383259782	"narI"	1286470	8	208	0.0155575532959352
"418"	0.0155326719949111	-0.000786164814335349	-0.0254990416672381	"dkgA"	3091092	11	209	0.0155326719949111
"419"	0.0154382418309801	0.00579858658080964	0.000279719687113666	"hypF"	2731592	27	210	0.0154382418309801
"420"	0.0235193284638685	0.00730595867025461	-0.0468806153807269	"hydN"	2732642	7	210	0.0154382418309801
"421"	0.015259146514193	-0.0100679850587817	0.0217341698229107	"oxc"	2425692	13	211	0.0154251756441343
"422"	0.0154251756441343	0.0010541037658152	-0.0132357827042775	"frc"	2427074	11	211	0.0154251756441343
"423"	0.0157230497476871	0.0138814650503464	-0.00367402806342925	"lysC"	4210816	18	212	0.0154151616109349
"424"	0.0154064563451671	-0.0288295268631107	-0.0138523874277661	"potH"	913170	21	213	0.0154064563451671
"425"	0.0254172720512208	-0.00610723562154333	-0.037280761826003	"potI"	914356	6	213	0.0154064563451671
"426"	0.0212785658308201	-0.00923373044934729	-0.02594006991122	"ybaV"	436006	5	214	0.0153066951448142
"427"	0.0177784373241135	-0.0192692475745963	0.00182051431327677	"ybaW"	436496	6	214	0.0153066951448142
"428"	0.0152157410861929	-0.00318133143025787	0.0035753116231334	"hsdR"	4562584	40	215	0.0152157410861929
"429"	0.0394263998297004	-0.0106762371727373	-0.0013797772489968	"mrr"	4564925	12	215	0.0152157410861929
"430"	0.0151117499054899	-0.00230399561460384	-0.00271117049599981	"yjgB"	4478424	18	216	0.0151117499054899
"431"	0.0381323303523825	-0.0125570820779353	0.0197722679896842	"IR3590"	4479472	2	216	0.0151117499054899
