"V1"
0.75
0.75
0.666666666666667
0.571428571428571
0.454545454545455
0.368421052631579
0.368421052631579
0.35
0.333333333333333
0.318181818181818
0.32
0.310344827586207
0.264705882352941
0.257142857142857
0.236842105263158
0.25
0.17910447761194
0.197530864197531
0.184782608695652
0.178947368421053
0.177083333333333
0.175257731958763
0.141666666666667
0.139705882352941
0.149659863945578
0.139240506329114
0.136904761904762
0.12707182320442
0.106299212598425
0.107913669064748
0.108391608391608
0.104026845637584
0.1
0.101851851851852
0.0968660968660969
0.0910973084886128
0.0860215053763441
0.0890052356020942
0.0912220309810671
0.0954616588419405
0.0903703703703704
0.0836550836550837
0.0835443037974684
0.083645443196005
0.0838471023427867
0.0836320191158901
0.0852803738317757
0.0847851335656214
0.0867052023121387
0.0861297539149888
0.0869086908690869
0.0859291084854995
0.0848167539267016
0.0835051546391753
0.0840840840840841
0.0843720038350911
0.0833333333333333
0.0865644724977457
0.0853448275862069
0.0850340136054422
0.0870292887029289
0.0839874411302983
0.0841777084957132
0.0842911877394636
0.086271567891973
0.0851851851851852
0.0865921787709497
0.0866851595006935
0.0856164383561644
0.0851206434316354
0.0846666666666667
0.0844414893617021
0.0845803513337671
0.0845425867507886
0.0842696629213483
0.0847772277227723
0.0847044485070079
0.0851449275362319
0.085080886758538
0.0837758112094395
0.0840630472854641
0.0829994275901546
0.08203125
0.0851063829787234
0.0852064819654992
0.0827930174563591
0.0809138505473584
0.0800376647834275
0.0797656602073006
0.0787096774193548
0.0772765246449457
0.0765765765765766
0.0762059181191731
0.0752903484181017
0.0746031746031746
0.0746268656716418
0.07421875
0.075763148216256
0.0759900107028184
