"V1"	"V2"	"V3"	"V4"	"V5"	"V6"	"V7"	"V8"	"V9"	"V10"	"V11"	"V12"	"V13"	"V14"	"V15"	"V16"	"V17"	"V18"	"V19"	"V20"	"V21"	"V22"	"V23"	"V24"	"V25"	"V26"	"V27"	"V28"	"V29"	"V30"	"V31"	"V32"	"V33"	"V34"	"V35"	"V36"	"V37"	"V38"	"V39"	"V40"	"V41"	"V42"	"V43"	"V44"	"V45"	"V46"	"V47"	"V48"	"V49"	"V50"
0.25	0	0	0	0	0	0	0	0	0	0	0	0	0.25	0	0	0	0	0	0.25	0	0.25	0	0	0	0	0	0	0	0	0	0	0	0	0	0	0	0	0	0	0	0	0	0.25	0	0	0.25	0	0	0
0.25	0	0	0	0	0	0	0	0	0	0	0	0	0.25	0	0	0	0	0	0.25	0	0.25	0	0	0	0	0	0	0	0	0	0	0	0	0	0	0	0	0	0	0	0	0	0.25	0	0	0.25	0	0	0
0.166666666666667	0	0	0	0	0	0	0	0	0.166666666666667	0	0	0	0.166666666666667	0.166666666666667	0	0	0	0	0.166666666666667	0	0.166666666666667	0	0	0	0	0	0	0.166666666666667	0	0	0	0	0	0	0.166666666666667	0	0	0.166666666666667	0	0	0	0.166666666666667	0.166666666666667	0	0	0.166666666666667	0	0	0
0.142857142857143	0	0	0	0	0	0	0	0	0.142857142857143	0	0	0	0.142857142857143	0.142857142857143	0	0	0	0	0.142857142857143	0	0.142857142857143	0	0	0	0	0	0	0.142857142857143	0	0	0	0	0	0	0.142857142857143	0	0	0.142857142857143	0	0	0	0.142857142857143	0.142857142857143	0	0	0.142857142857143	0	0	0
0.0909090909090909	0	0	0	0	0	0	0	0	0.0909090909090909	0	0	0	0.0909090909090909	0.0909090909090909	0	0	0	0	0.0909090909090909	0	0.0909090909090909	0	0	0	0	0	0	0.0909090909090909	0	0	0	0	0	0	0.0909090909090909	0	0	0.0909090909090909	0	0	0	0.0909090909090909	0.0909090909090909	0	0	0.0909090909090909	0	0	0
0.0526315789473684	0.0526315789473684	0.0526315789473684	0	0	0	0	0	0	0.105263157894737	0	0.105263157894737	0	0.0526315789473684	0.0526315789473684	0	0.105263157894737	0.0526315789473684	0	0.0526315789473684	0	0.0526315789473684	0.0526315789473684	0	0	0	0	0	0.0526315789473684	0.0526315789473684	0	0	0	0	0	0.105263157894737	0	0.0526315789473684	0.0526315789473684	0	0	0	0.0526315789473684	0.0526315789473684	0	0	0.0526315789473684	0.105263157894737	0.105263157894737	0
0.0526315789473684	0.0526315789473684	0.0526315789473684	0	0	0	0	0	0	0.105263157894737	0	0.105263157894737	0	0.0526315789473684	0.0526315789473684	0	0.105263157894737	0.0526315789473684	0	0.0526315789473684	0	0.0526315789473684	0.0526315789473684	0	0	0	0	0	0.0526315789473684	0.0526315789473684	0	0	0	0	0	0.105263157894737	0	0.0526315789473684	0.0526315789473684	0	0	0	0.0526315789473684	0.0526315789473684	0	0	0.0526315789473684	0.105263157894737	0.105263157894737	0
0.05	0.05	0.05	0	0	0	0	0	0	0.1	0	0.1	0	0.05	0.05	0	0.1	0.05	0	0.05	0	0.05	0.05	0	0	0	0	0	0.05	0.05	0	0	0	0	0	0.1	0	0.05	0.05	0	0	0	0.05	0.05	0	0	0.05	0.1	0.1	0
0.0476190476190476	0.0476190476190476	0.0476190476190476	0	0	0	0	0	0	0.0952380952380952	0	0.0952380952380952	0	0.0476190476190476	0.0476190476190476	0	0.0952380952380952	0.0476190476190476	0	0.0476190476190476	0	0.0476190476190476	0.0476190476190476	0	0	0	0	0	0.0476190476190476	0.0476190476190476	0	0	0	0	0	0.0952380952380952	0	0.0476190476190476	0.0476190476190476	0	0	0	0.0476190476190476	0.0476190476190476	0	0	0.0476190476190476	0.0952380952380952	0.0952380952380952	0
0.0454545454545455	0.0454545454545455	0.0454545454545455	0	0	0	0	0	0	0.0909090909090909	0	0.0909090909090909	0	0.0454545454545455	0.0454545454545455	0	0.0909090909090909	0.0454545454545455	0	0.0454545454545455	0	0.0454545454545455	0.0454545454545455	0	0	0	0	0	0.0454545454545455	0.0454545454545455	0	0	0	0	0	0.136363636363636	0	0.0454545454545455	0.0454545454545455	0	0	0.0454545454545455	0.0454545454545455	0.0454545454545455	0	0	0.0909090909090909	0.0909090909090909	0.0909090909090909	0.0454545454545455
0.04	0.04	0.04	0	0	0	0	0	0	0.08	0	0.08	0	0.04	0.04	0	0.08	0.04	0.04	0.04	0	0.04	0.04	0	0	0	0	0	0.04	0.04	0	0	0	0	0	0.12	0	0.04	0.04	0	0	0.04	0.04	0.04	0.04	0	0.08	0.08	0.08	0.04
0.0344827586206897	0.0689655172413793	0.0344827586206897	0	0.0344827586206897	0.0344827586206897	0	0.0344827586206897	0	0.0689655172413793	0.0344827586206897	0.0689655172413793	0	0.0344827586206897	0.0344827586206897	0	0.103448275862069	0.0344827586206897	0.0344827586206897	0.0344827586206897	0	0.0689655172413793	0.0344827586206897	0	0	0	0.0344827586206897	0	0.0344827586206897	0.0344827586206897	0	0.0689655172413793	0	0.0344827586206897	0	0.103448275862069	0	0.0344827586206897	0.0344827586206897	0.0344827586206897	0	0.0344827586206897	0.103448275862069	0.0344827586206897	0.0344827586206897	0	0.0689655172413793	0.0689655172413793	0.0689655172413793	0.0344827586206897
0.0294117647058824	0.0588235294117647	0.0294117647058824	0	0.0294117647058824	0.0294117647058824	0	0.0294117647058824	0	0.0588235294117647	0.0294117647058824	0.0882352941176471	0	0.0294117647058824	0.0882352941176471	0	0.0882352941176471	0.0294117647058824	0.0882352941176471	0.0588235294117647	0.0294117647058824	0.0588235294117647	0.0294117647058824	0	0	0	0.0294117647058824	0	0.0294117647058824	0.0294117647058824	0	0.0588235294117647	0.0588235294117647	0.0294117647058824	0.0294117647058824	0.0882352941176471	0	0.0294117647058824	0.0294117647058824	0.0294117647058824	0	0.0588235294117647	0.117647058823529	0.0588235294117647	0.0294117647058824	0.0294117647058824	0.0588235294117647	0.0588235294117647	0.0588235294117647	0.0294117647058824
0.0285714285714286	0.0571428571428571	0.0285714285714286	0	0.0285714285714286	0.0285714285714286	0	0.0285714285714286	0	0.0571428571428571	0.0285714285714286	0.0857142857142857	0	0.0285714285714286	0.0857142857142857	0	0.0857142857142857	0.0285714285714286	0.0857142857142857	0.0571428571428571	0.0285714285714286	0.0571428571428571	0.0285714285714286	0	0	0	0.0285714285714286	0	0.0285714285714286	0.0285714285714286	0	0.0571428571428571	0.0571428571428571	0.0285714285714286	0.0285714285714286	0.0857142857142857	0	0.0285714285714286	0.0285714285714286	0.0285714285714286	0	0.0571428571428571	0.114285714285714	0.0571428571428571	0.0285714285714286	0.0285714285714286	0.0571428571428571	0.0571428571428571	0.0571428571428571	0.0285714285714286
0.0263157894736842	0.0526315789473684	0.0526315789473684	0	0.0263157894736842	0.0526315789473684	0	0.0263157894736842	0	0.0789473684210526	0.0263157894736842	0.0789473684210526	0	0.0263157894736842	0.0789473684210526	0.0263157894736842	0.0789473684210526	0.0263157894736842	0.0789473684210526	0.0526315789473684	0.0263157894736842	0.0526315789473684	0.0526315789473684	0	0.0263157894736842	0	0.0263157894736842	0	0.0263157894736842	0.0263157894736842	0	0.0526315789473684	0.0526315789473684	0.0263157894736842	0.0263157894736842	0.0789473684210526	0	0.0263157894736842	0.0263157894736842	0.0263157894736842	0	0.0526315789473684	0.131578947368421	0.0526315789473684	0.0263157894736842	0.0526315789473684	0.0526315789473684	0.0526315789473684	0.0526315789473684	0.0526315789473684
0.0227272727272727	0.0454545454545455	0.0454545454545455	0	0.0227272727272727	0.0454545454545455	0	0.0227272727272727	0.0227272727272727	0.0681818181818182	0.0454545454545455	0.0909090909090909	0	0.0454545454545455	0.0681818181818182	0.0227272727272727	0.0909090909090909	0.0454545454545455	0.0681818181818182	0.0681818181818182	0.0227272727272727	0.0454545454545455	0.0454545454545455	0	0.0227272727272727	0.0227272727272727	0.0227272727272727	0.0227272727272727	0.0227272727272727	0.0227272727272727	0	0.0454545454545455	0.0454545454545455	0.0227272727272727	0.0227272727272727	0.0681818181818182	0	0.0227272727272727	0.0227272727272727	0.0227272727272727	0	0.0454545454545455	0.113636363636364	0.0454545454545455	0.0227272727272727	0.0454545454545455	0.0681818181818182	0.0454545454545455	0.0454545454545455	0.0454545454545455
0.0149253731343284	0.0597014925373134	0.0447761194029851	0.0298507462686567	0.0298507462686567	0.0746268656716418	0	0.0298507462686567	0.0298507462686567	0.0447761194029851	0.0746268656716418	0.0746268656716418	0.0149253731343284	0.0746268656716418	0.0597014925373134	0.0298507462686567	0.0597014925373134	0.0447761194029851	0.0597014925373134	0.104477611940299	0.0298507462686567	0.0447761194029851	0.0597014925373134	0.0447761194029851	0.0298507462686567	0.0149253731343284	0.0149253731343284	0.0149253731343284	0.0298507462686567	0.0447761194029851	0.0149253731343284	0.0447761194029851	0.0746268656716418	0.0298507462686567	0.0149253731343284	0.0447761194029851	0.0149253731343284	0.0447761194029851	0.0447761194029851	0.0597014925373134	0	0.0298507462686567	0.0895522388059701	0.0597014925373134	0.0298507462686567	0.0597014925373134	0.0597014925373134	0.0746268656716418	0.0298507462686567	0.0447761194029851
0.0123456790123457	0.0617283950617284	0.037037037037037	0.0617283950617284	0.0246913580246914	0.0740740740740741	0.0123456790123457	0.0246913580246914	0.0246913580246914	0.0493827160493827	0.0617283950617284	0.0617283950617284	0.0123456790123457	0.0617283950617284	0.0617283950617284	0.037037037037037	0.0493827160493827	0.037037037037037	0.0617283950617284	0.0864197530864197	0.0246913580246914	0.0617283950617284	0.0493827160493827	0.037037037037037	0.0246913580246914	0.0123456790123457	0.0246913580246914	0.0246913580246914	0.0246913580246914	0.0493827160493827	0.0123456790123457	0.0493827160493827	0.0864197530864197	0.037037037037037	0.0123456790123457	0.037037037037037	0.0246913580246914	0.0740740740740741	0.0493827160493827	0.0617283950617284	0	0.0246913580246914	0.0740740740740741	0.0493827160493827	0.0493827160493827	0.0493827160493827	0.0493827160493827	0.0864197530864197	0.0246913580246914	0.0617283950617284
0.0217391304347826	0.0652173913043478	0.0326086956521739	0.0543478260869565	0.0543478260869565	0.0760869565217391	0.0108695652173913	0.0326086956521739	0.0217391304347826	0.0543478260869565	0.0652173913043478	0.0543478260869565	0.0108695652173913	0.0543478260869565	0.0652173913043478	0.0434782608695652	0.0652173913043478	0.0434782608695652	0.0543478260869565	0.0869565217391304	0.0217391304347826	0.0543478260869565	0.0543478260869565	0.0543478260869565	0.0326086956521739	0.0108695652173913	0.0217391304347826	0.0217391304347826	0.0326086956521739	0.0434782608695652	0.0326086956521739	0.0652173913043478	0.0869565217391304	0.0543478260869565	0.0108695652173913	0.0434782608695652	0.0434782608695652	0.0652173913043478	0.0434782608695652	0.0543478260869565	0	0.0217391304347826	0.0652173913043478	0.0543478260869565	0.0434782608695652	0.0543478260869565	0.0543478260869565	0.0869565217391304	0.0217391304347826	0.0543478260869565
0.0210526315789474	0.0631578947368421	0.0315789473684211	0.0526315789473684	0.0526315789473684	0.0842105263157895	0.0105263157894737	0.0315789473684211	0.0210526315789474	0.0526315789473684	0.0631578947368421	0.0526315789473684	0.0105263157894737	0.0526315789473684	0.0631578947368421	0.0421052631578947	0.0631578947368421	0.0421052631578947	0.0526315789473684	0.0842105263157895	0.0210526315789474	0.0526315789473684	0.0526315789473684	0.0736842105263158	0.0315789473684211	0.0105263157894737	0.0210526315789474	0.0421052631578947	0.0315789473684211	0.0421052631578947	0.0315789473684211	0.0631578947368421	0.0842105263157895	0.0526315789473684	0.0105263157894737	0.0421052631578947	0.0421052631578947	0.0631578947368421	0.0421052631578947	0.0631578947368421	0	0.0315789473684211	0.0736842105263158	0.0631578947368421	0.0526315789473684	0.0526315789473684	0.0526315789473684	0.0842105263157895	0.0315789473684211	0.0526315789473684
0.0208333333333333	0.0625	0.03125	0.0520833333333333	0.0520833333333333	0.0833333333333333	0.0104166666666667	0.03125	0.0208333333333333	0.0520833333333333	0.0625	0.0520833333333333	0.0104166666666667	0.0520833333333333	0.0625	0.0416666666666667	0.0625	0.0416666666666667	0.0520833333333333	0.0833333333333333	0.0208333333333333	0.0520833333333333	0.0520833333333333	0.0729166666666667	0.0416666666666667	0.0208333333333333	0.0208333333333333	0.0416666666666667	0.03125	0.0416666666666667	0.03125	0.0625	0.0833333333333333	0.0520833333333333	0.0104166666666667	0.0416666666666667	0.0416666666666667	0.0625	0.0416666666666667	0.0729166666666667	0	0.03125	0.0729166666666667	0.0625	0.0520833333333333	0.0625	0.0520833333333333	0.0833333333333333	0.03125	0.0520833333333333
0.0206185567010309	0.0618556701030928	0.0309278350515464	0.0515463917525773	0.0515463917525773	0.0824742268041237	0.0206185567010309	0.0309278350515464	0.0206185567010309	0.0515463917525773	0.0618556701030928	0.0515463917525773	0.0103092783505155	0.0515463917525773	0.0618556701030928	0.0412371134020619	0.0618556701030928	0.0412371134020619	0.0515463917525773	0.0824742268041237	0.0206185567010309	0.0515463917525773	0.0515463917525773	0.0721649484536082	0.0412371134020619	0.0206185567010309	0.0206185567010309	0.0412371134020619	0.0309278350515464	0.0412371134020619	0.0412371134020619	0.0618556701030928	0.0824742268041237	0.0515463917525773	0.0103092783505155	0.0515463917525773	0.0515463917525773	0.0721649484536082	0.0412371134020619	0.0824742268041237	0	0.0309278350515464	0.0721649484536082	0.0618556701030928	0.0515463917525773	0.0721649484536082	0.0515463917525773	0.0824742268041237	0.0309278350515464	0.0515463917525773
0.0166666666666667	0.075	0.05	0.0583333333333333	0.0583333333333333	0.0666666666666667	0.0166666666666667	0.025	0.0166666666666667	0.0583333333333333	0.075	0.0666666666666667	0.00833333333333333	0.0583333333333333	0.075	0.05	0.075	0.0583333333333333	0.075	0.0666666666666667	0.0333333333333333	0.0416666666666667	0.05	0.0666666666666667	0.0833333333333333	0.0333333333333333	0.05	0.05	0.0333333333333333	0.05	0.0416666666666667	0.0833333333333333	0.0833333333333333	0.0583333333333333	0.0416666666666667	0.0583333333333333	0.0583333333333333	0.0666666666666667	0.05	0.0666666666666667	0.00833333333333333	0.0416666666666667	0.0583333333333333	0.1	0.0583333333333333	0.075	0.075	0.075	0.0416666666666667	0.0583333333333333
0.0147058823529412	0.0661764705882353	0.0514705882352941	0.0661764705882353	0.0514705882352941	0.0661764705882353	0.0220588235294118	0.0220588235294118	0.0294117647058824	0.0588235294117647	0.0661764705882353	0.0661764705882353	0.00735294117647059	0.0514705882352941	0.0661764705882353	0.0441176470588235	0.0735294117647059	0.0588235294117647	0.0661764705882353	0.0588235294117647	0.0294117647058824	0.0441176470588235	0.0441176470588235	0.0588235294117647	0.0808823529411765	0.0441176470588235	0.0514705882352941	0.0588235294117647	0.0294117647058824	0.0588235294117647	0.0441176470588235	0.0808823529411765	0.0735294117647059	0.0661764705882353	0.0441176470588235	0.0514705882352941	0.0514705882352941	0.0588235294117647	0.0441176470588235	0.0588235294117647	0.0147058823529412	0.0367647058823529	0.0588235294117647	0.0882352941176471	0.0661764705882353	0.0661764705882353	0.0808823529411765	0.0661764705882353	0.0367647058823529	0.0588235294117647
0.0272108843537415	0.0612244897959184	0.0476190476190476	0.0748299319727891	0.054421768707483	0.0680272108843537	0.0272108843537415	0.0204081632653061	0.0340136054421769	0.054421768707483	0.0680272108843537	0.0748299319727891	0.0136054421768707	0.0476190476190476	0.0680272108843537	0.0408163265306122	0.0680272108843537	0.0612244897959184	0.0612244897959184	0.0612244897959184	0.0340136054421769	0.0476190476190476	0.0408163265306122	0.054421768707483	0.0748299319727891	0.0408163265306122	0.0476190476190476	0.0612244897959184	0.0272108843537415	0.0612244897959184	0.054421768707483	0.0748299319727891	0.0680272108843537	0.0612244897959184	0.0408163265306122	0.0476190476190476	0.054421768707483	0.054421768707483	0.054421768707483	0.0612244897959184	0.0136054421768707	0.0408163265306122	0.0612244897959184	0.0884353741496599	0.0612244897959184	0.0748299319727891	0.0884353741496599	0.0680272108843537	0.0340136054421769	0.0748299319727891
0.0316455696202532	0.0632911392405063	0.0506329113924051	0.0759493670886076	0.0632911392405063	0.0632911392405063	0.0253164556962025	0.0189873417721519	0.0379746835443038	0.0569620253164557	0.069620253164557	0.0822784810126582	0.0189873417721519	0.0506329113924051	0.069620253164557	0.0443037974683544	0.0632911392405063	0.0569620253164557	0.0632911392405063	0.0632911392405063	0.0316455696202532	0.0506329113924051	0.0379746835443038	0.0506329113924051	0.069620253164557	0.0379746835443038	0.0506329113924051	0.069620253164557	0.0253164556962025	0.0569620253164557	0.0506329113924051	0.069620253164557	0.0632911392405063	0.0569620253164557	0.0506329113924051	0.0506329113924051	0.0569620253164557	0.0506329113924051	0.0506329113924051	0.0632911392405063	0.0126582278481013	0.0379746835443038	0.0632911392405063	0.0886075949367089	0.0569620253164557	0.0822784810126582	0.0886075949367089	0.069620253164557	0.0379746835443038	0.069620253164557
0.0297619047619048	0.0595238095238095	0.0476190476190476	0.0714285714285714	0.0654761904761905	0.0654761904761905	0.0238095238095238	0.0178571428571429	0.0416666666666667	0.0535714285714286	0.0654761904761905	0.0892857142857143	0.0178571428571429	0.0535714285714286	0.0654761904761905	0.0416666666666667	0.0654761904761905	0.0654761904761905	0.0595238095238095	0.0654761904761905	0.0416666666666667	0.0535714285714286	0.0357142857142857	0.0476190476190476	0.0714285714285714	0.0357142857142857	0.0535714285714286	0.0654761904761905	0.0297619047619048	0.0535714285714286	0.0476190476190476	0.0714285714285714	0.0595238095238095	0.0535714285714286	0.0535714285714286	0.0476190476190476	0.0535714285714286	0.0476190476190476	0.0535714285714286	0.0595238095238095	0.0238095238095238	0.0357142857142857	0.0654761904761905	0.0833333333333333	0.0535714285714286	0.0773809523809524	0.0833333333333333	0.0654761904761905	0.0357142857142857	0.0654761904761905
0.0386740331491713	0.0607734806629834	0.0607734806629834	0.0718232044198895	0.0662983425414365	0.0718232044198895	0.0331491712707182	0.0165745856353591	0.0386740331491713	0.0552486187845304	0.0662983425414365	0.0828729281767956	0.0276243093922652	0.0552486187845304	0.0662983425414365	0.0386740331491713	0.0662983425414365	0.0718232044198895	0.0552486187845304	0.0773480662983425	0.0497237569060773	0.0607734806629834	0.0331491712707182	0.0497237569060773	0.0662983425414365	0.0331491712707182	0.0497237569060773	0.0662983425414365	0.0276243093922652	0.0497237569060773	0.0441988950276243	0.0662983425414365	0.0552486187845304	0.0552486187845304	0.0552486187845304	0.0497237569060773	0.0497237569060773	0.0441988950276243	0.0607734806629834	0.0552486187845304	0.0220994475138122	0.0331491712707182	0.0607734806629834	0.0883977900552486	0.0552486187845304	0.0773480662983425	0.0828729281767956	0.0607734806629834	0.0386740331491713	0.0662983425414365
0.047244094488189	0.0551181102362205	0.0511811023622047	0.0551181102362205	0.0708661417322835	0.0708661417322835	0.0433070866141732	0.0275590551181102	0.047244094488189	0.0433070866141732	0.0708661417322835	0.078740157480315	0.0275590551181102	0.0433070866141732	0.0669291338582677	0.0433070866141732	0.062992125984252	0.0551181102362205	0.0511811023622047	0.0669291338582677	0.0551181102362205	0.0551181102362205	0.031496062992126	0.0590551181102362	0.062992125984252	0.031496062992126	0.0433070866141732	0.0748031496062992	0.0354330708661417	0.0590551181102362	0.0511811023622047	0.047244094488189	0.062992125984252	0.0551181102362205	0.0511811023622047	0.0433070866141732	0.0393700787401575	0.0354330708661417	0.0551181102362205	0.0708661417322835	0.0433070866141732	0.0433070866141732	0.0551181102362205	0.0748031496062992	0.0590551181102362	0.0748031496062992	0.078740157480315	0.062992125984252	0.0354330708661417	0.0551181102362205
0.0431654676258993	0.0647482014388489	0.0539568345323741	0.0611510791366906	0.0719424460431655	0.0683453237410072	0.0431654676258993	0.0323741007194245	0.0611510791366906	0.0503597122302158	0.0683453237410072	0.0827338129496403	0.0251798561151079	0.0431654676258993	0.0611510791366906	0.0431654676258993	0.0611510791366906	0.0539568345323741	0.0539568345323741	0.0611510791366906	0.0647482014388489	0.0647482014388489	0.0323741007194245	0.0575539568345324	0.0611510791366906	0.0323741007194245	0.0467625899280576	0.0755395683453237	0.0359712230215827	0.0575539568345324	0.0575539568345324	0.0503597122302158	0.0719424460431655	0.0575539568345324	0.0539568345323741	0.0467625899280576	0.0431654676258993	0.0467625899280576	0.0575539568345324	0.0647482014388489	0.0467625899280576	0.039568345323741	0.0575539568345324	0.0683453237410072	0.0611510791366906	0.0719424460431655	0.0755395683453237	0.0719424460431655	0.0323741007194245	0.0575539568345324
0.041958041958042	0.0629370629370629	0.0524475524475524	0.0594405594405594	0.0734265734265734	0.0699300699300699	0.041958041958042	0.034965034965035	0.0594405594405594	0.0524475524475524	0.0664335664335664	0.0804195804195804	0.0244755244755245	0.0454545454545455	0.0664335664335664	0.0454545454545455	0.0594405594405594	0.0524475524475524	0.0594405594405594	0.0594405594405594	0.0629370629370629	0.0664335664335664	0.034965034965035	0.0559440559440559	0.0629370629370629	0.034965034965035	0.0454545454545455	0.0769230769230769	0.034965034965035	0.0629370629370629	0.0559440559440559	0.048951048951049	0.0699300699300699	0.0559440559440559	0.0524475524475524	0.0454545454545455	0.041958041958042	0.0454545454545455	0.0559440559440559	0.0629370629370629	0.0454545454545455	0.0384615384615385	0.0594405594405594	0.0664335664335664	0.0594405594405594	0.0699300699300699	0.0734265734265734	0.0734265734265734	0.034965034965035	0.0559440559440559
0.0469798657718121	0.0671140939597315	0.0503355704697987	0.0604026845637584	0.0738255033557047	0.0771812080536913	0.0402684563758389	0.0335570469798658	0.0604026845637584	0.0503355704697987	0.0738255033557047	0.0771812080536913	0.0268456375838926	0.0469798657718121	0.0671140939597315	0.0503355704697987	0.0604026845637584	0.0536912751677852	0.0570469798657718	0.0604026845637584	0.0604026845637584	0.0771812080536913	0.0436241610738255	0.0536912751677852	0.0604026845637584	0.0369127516778524	0.0503355704697987	0.0838926174496644	0.0369127516778524	0.0604026845637584	0.0604026845637584	0.0469798657718121	0.0738255033557047	0.0536912751677852	0.0503355704697987	0.0469798657718121	0.0402684563758389	0.0436241610738255	0.0570469798657718	0.0671140939597315	0.0469798657718121	0.0369127516778524	0.0604026845637584	0.0671140939597315	0.0604026845637584	0.0704697986577181	0.0771812080536913	0.0805369127516778	0.0369127516778524	0.0570469798657718
0.0451612903225806	0.067741935483871	0.0483870967741935	0.0612903225806452	0.0741935483870968	0.0774193548387097	0.0387096774193548	0.0354838709677419	0.0612903225806452	0.0483870967741935	0.0709677419354839	0.0774193548387097	0.0258064516129032	0.0483870967741935	0.0709677419354839	0.0516129032258065	0.0612903225806452	0.0516129032258065	0.0548387096774194	0.067741935483871	0.0580645161290323	0.0741935483870968	0.0419354838709677	0.0548387096774194	0.0645161290322581	0.0354838709677419	0.0516129032258065	0.0838709677419355	0.0354838709677419	0.0612903225806452	0.0580645161290323	0.0451612903225806	0.0741935483870968	0.0516129032258065	0.0516129032258065	0.0451612903225806	0.0387096774193548	0.0419354838709677	0.0548387096774194	0.0645161290322581	0.0451612903225806	0.0354838709677419	0.0580645161290323	0.0645161290322581	0.0645161290322581	0.067741935483871	0.0741935483870968	0.0774193548387097	0.0387096774193548	0.0548387096774194
0.0432098765432099	0.0648148148148148	0.0462962962962963	0.058641975308642	0.0709876543209877	0.0771604938271605	0.0401234567901235	0.037037037037037	0.058641975308642	0.0524691358024691	0.0709876543209877	0.0771604938271605	0.0339506172839506	0.0493827160493827	0.0679012345679012	0.0493827160493827	0.0709876543209877	0.0524691358024691	0.0555555555555556	0.0648148148148148	0.058641975308642	0.0709876543209877	0.0432098765432099	0.058641975308642	0.0617283950617284	0.037037037037037	0.0493827160493827	0.0802469135802469	0.0401234567901235	0.058641975308642	0.0555555555555556	0.0432098765432099	0.0740740740740741	0.0493827160493827	0.0493827160493827	0.0462962962962963	0.037037037037037	0.0432098765432099	0.0524691358024691	0.0617283950617284	0.0462962962962963	0.0339506172839506	0.0555555555555556	0.0648148148148148	0.0617283950617284	0.0709876543209877	0.0709876543209877	0.0740740740740741	0.0401234567901235	0.0524691358024691
0.0427350427350427	0.0655270655270655	0.0512820512820513	0.0655270655270655	0.0712250712250712	0.0769230769230769	0.0512820512820513	0.037037037037037	0.056980056980057	0.056980056980057	0.0740740740740741	0.0769230769230769	0.037037037037037	0.0484330484330484	0.0740740740740741	0.056980056980057	0.0683760683760684	0.0484330484330484	0.056980056980057	0.0655270655270655	0.0655270655270655	0.0712250712250712	0.0512820512820513	0.0598290598290598	0.0598290598290598	0.0398860398860399	0.0541310541310541	0.0769230769230769	0.037037037037037	0.0626780626780627	0.0512820512820513	0.0427350427350427	0.0826210826210826	0.0512820512820513	0.0512820512820513	0.0484330484330484	0.0341880341880342	0.0455840455840456	0.0484330484330484	0.0598290598290598	0.0427350427350427	0.0398860398860399	0.0655270655270655	0.0626780626780627	0.0655270655270655	0.0683760683760684	0.0683760683760684	0.0740740740740741	0.0455840455840456	0.0541310541310541
0.0496894409937888	0.0703933747412008	0.0579710144927536	0.0683229813664596	0.0683229813664596	0.0662525879917184	0.05175983436853	0.041407867494824	0.0600414078674948	0.062111801242236	0.072463768115942	0.0662525879917184	0.0455486542443064	0.0559006211180124	0.0745341614906832	0.0538302277432712	0.0600414078674948	0.0600414078674948	0.0476190476190476	0.0641821946169772	0.0641821946169772	0.0703933747412008	0.0579710144927536	0.0683229813664596	0.0559006211180124	0.0538302277432712	0.0538302277432712	0.0745341614906832	0.0538302277432712	0.0600414078674948	0.0559006211180124	0.0559006211180124	0.0766045548654244	0.0559006211180124	0.0455486542443064	0.05175983436853	0.0372670807453416	0.0455486542443064	0.0455486542443064	0.0703933747412008	0.0496894409937888	0.0496894409937888	0.0662525879917184	0.0683229813664596	0.0683229813664596	0.0559006211180124	0.062111801242236	0.0641821946169772	0.0538302277432712	0.0476190476190476
0.0501792114695341	0.0752688172043011	0.0537634408602151	0.0609318996415771	0.0627240143369176	0.0663082437275986	0.0537634408602151	0.043010752688172	0.0609318996415771	0.0645161290322581	0.0698924731182796	0.0645161290322581	0.043010752688172	0.0591397849462366	0.0681003584229391	0.0555555555555556	0.0591397849462366	0.0627240143369176	0.0519713261648745	0.0645161290322581	0.0663082437275986	0.0663082437275986	0.0537634408602151	0.0663082437275986	0.0555555555555556	0.0555555555555556	0.0573476702508961	0.0716845878136201	0.0519713261648745	0.0645161290322581	0.0501792114695341	0.0609318996415771	0.0734767025089606	0.0609318996415771	0.0448028673835125	0.0483870967741935	0.0412186379928315	0.0519713261648745	0.0591397849462366	0.0645161290322581	0.0448028673835125	0.0537634408602151	0.0627240143369176	0.0734767025089606	0.0681003584229391	0.0519713261648745	0.0591397849462366	0.0663082437275986	0.0573476702508961	0.046594982078853
0.0523560209424084	0.0767888307155323	0.0541012216404887	0.0610820244328098	0.0645724258289703	0.0663176265270506	0.0541012216404887	0.0418848167539267	0.06282722513089	0.0645724258289703	0.0715532286212914	0.0645724258289703	0.043630017452007	0.06282722513089	0.0680628272251309	0.0575916230366492	0.0575916230366492	0.0645724258289703	0.0523560209424084	0.0645724258289703	0.0663176265270506	0.0645724258289703	0.0541012216404887	0.0645724258289703	0.0575916230366492	0.0558464223385689	0.0593368237347295	0.0715532286212914	0.0541012216404887	0.0645724258289703	0.0523560209424084	0.0593368237347295	0.0732984293193717	0.0610820244328098	0.0506108202443281	0.0488656195462478	0.0401396160558464	0.0506108202443281	0.0593368237347295	0.0645724258289703	0.043630017452007	0.0541012216404887	0.06282722513089	0.0767888307155323	0.0698080279232112	0.0523560209424084	0.0575916230366492	0.0663176265270506	0.06282722513089	0.0453752181500873
0.0516351118760757	0.0757314974182444	0.0533562822719449	0.0602409638554217	0.0636833046471601	0.0654044750430293	0.0533562822719449	0.0413080895008606	0.0619621342512909	0.0654044750430293	0.0705679862306368	0.0654044750430293	0.044750430292599	0.0619621342512909	0.0688468158347676	0.0567986230636833	0.0567986230636833	0.0671256454388985	0.0533562822719449	0.0636833046471601	0.0654044750430293	0.0636833046471601	0.0550774526678141	0.0671256454388985	0.0567986230636833	0.0550774526678141	0.0585197934595525	0.0705679862306368	0.0550774526678141	0.0636833046471601	0.0533562822719449	0.0585197934595525	0.072289156626506	0.0602409638554217	0.0499139414802065	0.0499139414802065	0.0395869191049914	0.0499139414802065	0.0585197934595525	0.0654044750430293	0.0430292598967298	0.0550774526678141	0.0654044750430293	0.0757314974182444	0.0688468158347676	0.0516351118760757	0.0585197934595525	0.0654044750430293	0.0619621342512909	0.044750430292599
0.0485133020344288	0.0735524256651017	0.054773082942097	0.0579029733959311	0.0610328638497653	0.0688575899843505	0.0500782472613459	0.0406885758998435	0.0610328638497653	0.0704225352112676	0.0735524256651017	0.0688575899843505	0.0485133020344288	0.0672926447574335	0.0672926447574335	0.0563380281690141	0.0594679186228482	0.0657276995305164	0.0516431924882629	0.0641627543035994	0.0657276995305164	0.0641627543035994	0.054773082942097	0.0672926447574335	0.0610328638497653	0.0563380281690141	0.0594679186228482	0.0704225352112676	0.05320813771518	0.0641627543035994	0.054773082942097	0.0579029733959311	0.0688575899843505	0.0579029733959311	0.0516431924882629	0.05320813771518	0.0438184663536776	0.0453834115805947	0.0563380281690141	0.0641627543035994	0.0453834115805947	0.0594679186228482	0.0672926447574335	0.0719874804381847	0.0704225352112676	0.0516431924882629	0.0579029733959311	0.0657276995305164	0.0610328638497653	0.0453834115805947
0.0474074074074074	0.0755555555555556	0.0592592592592593	0.0577777777777778	0.0622222222222222	0.0666666666666667	0.0518518518518519	0.042962962962963	0.0592592592592593	0.0696296296296296	0.0755555555555556	0.0725925925925926	0.0533333333333333	0.0681481481481482	0.0681481481481482	0.0562962962962963	0.0577777777777778	0.0666666666666667	0.0503703703703704	0.0637037037037037	0.0666666666666667	0.0622222222222222	0.0548148148148148	0.0696296296296296	0.0607407407407407	0.0577777777777778	0.0562962962962963	0.0740740740740741	0.0548148148148148	0.0666666666666667	0.0577777777777778	0.0577777777777778	0.0681481481481482	0.0622222222222222	0.0503703703703704	0.0533333333333333	0.0444444444444444	0.0459259259259259	0.0577777777777778	0.0622222222222222	0.0474074074074074	0.0607407407407407	0.0666666666666667	0.077037037037037	0.0666666666666667	0.0518518518518519	0.0592592592592593	0.0725925925925926	0.0622222222222222	0.0503703703703704
0.0540540540540541	0.0772200772200772	0.0682110682110682	0.0617760617760618	0.0617760617760618	0.0669240669240669	0.0579150579150579	0.0463320463320463	0.0553410553410553	0.0694980694980695	0.0759330759330759	0.0682110682110682	0.0540540540540541	0.0682110682110682	0.0669240669240669	0.0604890604890605	0.0604890604890605	0.0682110682110682	0.0540540540540541	0.0579150579150579	0.0643500643500644	0.0617760617760618	0.0592020592020592	0.0707850707850708	0.0630630630630631	0.0579150579150579	0.0553410553410553	0.0669240669240669	0.0566280566280566	0.0643500643500644	0.0579150579150579	0.0643500643500644	0.0682110682110682	0.0630630630630631	0.0540540540540541	0.0540540540540541	0.0514800514800515	0.0501930501930502	0.0592020592020592	0.0592020592020592	0.0514800514800515	0.0579150579150579	0.0656370656370656	0.0720720720720721	0.0682110682110682	0.0527670527670528	0.0604890604890605	0.0694980694980695	0.0630630630630631	0.0566280566280566
0.0544303797468354	0.0759493670886076	0.0708860759493671	0.0632911392405063	0.0632911392405063	0.0683544303797468	0.0569620253164557	0.0468354430379747	0.0556962025316456	0.0708860759493671	0.0746835443037975	0.0670886075949367	0.0544303797468354	0.0670886075949367	0.0658227848101266	0.0594936708860759	0.0594936708860759	0.0670886075949367	0.0531645569620253	0.0582278481012658	0.0632911392405063	0.0607594936708861	0.0620253164556962	0.069620253164557	0.0632911392405063	0.0569620253164557	0.0556962025316456	0.0670886075949367	0.0569620253164557	0.0658227848101266	0.0582278481012658	0.0658227848101266	0.0670886075949367	0.0632911392405063	0.0556962025316456	0.0556962025316456	0.0506329113924051	0.0518987341772152	0.0594936708860759	0.0594936708860759	0.0544303797468354	0.0569620253164557	0.0645569620253165	0.0721518987341772	0.0670886075949367	0.0518987341772152	0.0607594936708861	0.069620253164557	0.0620253164556962	0.0556962025316456
0.0536828963795256	0.0761548064918851	0.0699126092384519	0.0636704119850187	0.066167290886392	0.0686641697877653	0.0574282147315855	0.048689138576779	0.0549313358302122	0.0699126092384519	0.0736579275905119	0.0674157303370786	0.0536828963795256	0.066167290886392	0.0649188514357054	0.0599250936329588	0.0624219725343321	0.066167290886392	0.0536828963795256	0.0586766541822722	0.0636704119850187	0.0624219725343321	0.066167290886392	0.0699126092384519	0.0624219725343321	0.0561797752808989	0.0561797752808989	0.066167290886392	0.0586766541822722	0.066167290886392	0.0574282147315855	0.0649188514357054	0.0674157303370786	0.0649188514357054	0.0561797752808989	0.0549313358302122	0.0511860174781523	0.0549313358302122	0.0624219725343321	0.0599250936329588	0.0561797752808989	0.0574282147315855	0.066167290886392	0.0724094881398252	0.066167290886392	0.0511860174781523	0.0599250936329588	0.0711610486891386	0.0649188514357054	0.0549313358302122
0.0554870530209618	0.0752157829839704	0.0702836004932182	0.06288532675709	0.0665844636251541	0.0690505548705302	0.0567200986436498	0.0480887792848335	0.0542540073982737	0.0690505548705302	0.0727496917385943	0.0678175092478422	0.0542540073982737	0.0653514180024661	0.064118372379778	0.0604192355117139	0.061652281134402	0.0653514180024661	0.0530209617755857	0.0591861898890259	0.06288532675709	0.061652281134402	0.0665844636251541	0.0690505548705302	0.061652281134402	0.0554870530209618	0.0567200986436498	0.0665844636251541	0.0579531442663379	0.0653514180024661	0.0567200986436498	0.064118372379778	0.0665844636251541	0.0653514180024661	0.0567200986436498	0.0554870530209618	0.0505548705302096	0.0542540073982737	0.061652281134402	0.0591861898890259	0.0554870530209618	0.0579531442663379	0.0665844636251541	0.0715166461159063	0.0665844636251541	0.0505548705302096	0.0604192355117139	0.0715166461159063	0.064118372379778	0.0542540073982737
0.0561529271206691	0.0752688172043011	0.0704898446833931	0.0633213859020311	0.0681003584229391	0.0681003584229391	0.0561529271206691	0.0501792114695341	0.0585424133811231	0.0669056152927121	0.0728793309438471	0.0669056152927121	0.0549581839904421	0.0645161290322581	0.0657108721624851	0.0609318996415771	0.0633213859020311	0.0633213859020311	0.0525686977299881	0.0609318996415771	0.0633213859020311	0.0609318996415771	0.0681003584229391	0.0692951015531661	0.0609318996415771	0.0549581839904421	0.0585424133811231	0.0681003584229391	0.0573476702508961	0.0645161290322581	0.0585424133811231	0.0645161290322581	0.0681003584229391	0.0669056152927121	0.0585424133811231	0.0561529271206691	0.0513739545997611	0.0549581839904421	0.0633213859020311	0.0597371565113501	0.0549581839904421	0.0561529271206691	0.0657108721624851	0.0704898446833931	0.0692951015531661	0.0525686977299881	0.0633213859020311	0.0704898446833931	0.0645161290322581	0.0537634408602151
0.0549065420560748	0.0735981308411215	0.0700934579439252	0.0630841121495327	0.066588785046729	0.0677570093457944	0.0560747663551402	0.0490654205607477	0.058411214953271	0.0677570093457944	0.0712616822429906	0.0654205607476635	0.0549065420560748	0.0642523364485981	0.066588785046729	0.0595794392523364	0.0619158878504673	0.0642523364485981	0.0514018691588785	0.0607476635514019	0.0630841121495327	0.0630841121495327	0.0677570093457944	0.0700934579439252	0.0595794392523364	0.0549065420560748	0.058411214953271	0.0700934579439252	0.0572429906542056	0.0642523364485981	0.0572429906542056	0.0630841121495327	0.066588785046729	0.0654205607476635	0.0607476635514019	0.058411214953271	0.0537383177570093	0.0560747663551402	0.0619158878504673	0.0607476635514019	0.0560747663551402	0.0560747663551402	0.0654205607476635	0.0689252336448598	0.0677570093457944	0.0525700934579439	0.0642523364485981	0.0712616822429906	0.0642523364485981	0.0549065420560748
0.0557491289198606	0.0743321718931475	0.0696864111498258	0.0627177700348432	0.0673635307781649	0.0673635307781649	0.0557491289198606	0.0487804878048781	0.0580720092915215	0.0685249709639954	0.0708478513356562	0.0650406504065041	0.0557491289198606	0.0638792102206736	0.0673635307781649	0.0592334494773519	0.0615563298490128	0.0638792102206736	0.0511033681765389	0.0603948896631823	0.0650406504065041	0.0627177700348432	0.0673635307781649	0.0708478513356562	0.0592334494773519	0.0545876887340302	0.0592334494773519	0.0708478513356562	0.0569105691056911	0.0638792102206736	0.0569105691056911	0.0627177700348432	0.0662020905923345	0.0650406504065041	0.0627177700348432	0.0580720092915215	0.0534262485481998	0.0580720092915215	0.0627177700348432	0.0603948896631823	0.0569105691056911	0.0557491289198606	0.0650406504065041	0.0696864111498258	0.0673635307781649	0.0522648083623693	0.0650406504065041	0.0708478513356562	0.0650406504065041	0.0557491289198606
0.0554913294797688	0.0751445086705202	0.069364161849711	0.0624277456647399	0.0670520231213873	0.0670520231213873	0.0554913294797688	0.0485549132947977	0.0589595375722543	0.0682080924855491	0.0716763005780347	0.0647398843930636	0.0554913294797688	0.0635838150289017	0.0670520231213873	0.0589595375722543	0.061271676300578	0.0635838150289017	0.0508670520231214	0.0601156069364162	0.0647398843930636	0.0635838150289017	0.0670520231213873	0.0705202312138728	0.0589595375722543	0.0543352601156069	0.0589595375722543	0.0705202312138728	0.0566473988439306	0.0635838150289017	0.0566473988439306	0.0624277456647399	0.0658959537572254	0.0647398843930636	0.0624277456647399	0.0578034682080925	0.0531791907514451	0.0578034682080925	0.0624277456647399	0.0601156069364162	0.0566473988439306	0.0554913294797688	0.0647398843930636	0.069364161849711	0.0670520231213873	0.0520231213872832	0.0658959537572254	0.0705202312138728	0.0647398843930636	0.0554913294797688
0.0592841163310962	0.0749440715883669	0.0682326621923937	0.0615212527964206	0.0671140939597315	0.0682326621923937	0.0559284116331096	0.0492170022371365	0.0604026845637584	0.0704697986577181	0.0715883668903803	0.0659955257270693	0.0548098434004474	0.063758389261745	0.0693512304250559	0.0592841163310962	0.0615212527964206	0.0626398210290828	0.0503355704697987	0.0604026845637584	0.0659955257270693	0.0682326621923937	0.0659955257270693	0.0693512304250559	0.0604026845637584	0.0548098434004474	0.0592841163310962	0.0704697986577181	0.0559284116331096	0.0626398210290828	0.0570469798657718	0.0626398210290828	0.0659955257270693	0.0648769574944072	0.0615212527964206	0.058165548098434	0.0559284116331096	0.0570469798657718	0.0648769574944072	0.058165548098434	0.0570469798657718	0.0559284116331096	0.0648769574944072	0.0693512304250559	0.0659955257270693	0.0536912751677852	0.0648769574944072	0.0693512304250559	0.0671140939597315	0.0570469798657718
0.0583058305830583	0.0748074807480748	0.0682068206820682	0.0627062706270627	0.066006600660066	0.0682068206820682	0.0561056105610561	0.0484048404840484	0.0605060506050605	0.0704070407040704	0.0737073707370737	0.066006600660066	0.0583058305830583	0.0627062706270627	0.0693069306930693	0.0583058305830583	0.0627062706270627	0.0616061606160616	0.0495049504950495	0.0594059405940594	0.0671067106710671	0.0682068206820682	0.066006600660066	0.0693069306930693	0.0627062706270627	0.0539053905390539	0.0594059405940594	0.0704070407040704	0.055005500550055	0.0616061606160616	0.0561056105610561	0.0638063806380638	0.066006600660066	0.0638063806380638	0.0605060506050605	0.0583058305830583	0.055005500550055	0.0561056105610561	0.0649064906490649	0.0572057205720572	0.0561056105610561	0.0572057205720572	0.0649064906490649	0.0693069306930693	0.0649064906490649	0.0539053905390539	0.066006600660066	0.0693069306930693	0.066006600660066	0.0583058305830583
0.0580021482277121	0.075187969924812	0.0676691729323308	0.0633727175080559	0.0655209452201933	0.0665950590762621	0.0547798066595059	0.0494092373791622	0.0633727175080559	0.0708915145005371	0.0730397422126745	0.0655209452201933	0.0580021482277121	0.0644468313641246	0.0698174006444683	0.0590762620837809	0.0633727175080559	0.0612244897959184	0.0483351235230935	0.0580021482277121	0.0655209452201933	0.0687432867883996	0.0665950590762621	0.0676691729323308	0.0622986036519871	0.0547798066595059	0.0601503759398496	0.0687432867883996	0.0547798066595059	0.0612244897959184	0.0569280343716434	0.0633727175080559	0.0644468313641246	0.0633727175080559	0.0601503759398496	0.0580021482277121	0.0537056928034372	0.0547798066595059	0.0655209452201933	0.0569280343716434	0.0569280343716434	0.0569280343716434	0.0644468313641246	0.0687432867883996	0.0633727175080559	0.0558539205155747	0.0644468313641246	0.0687432867883996	0.0665950590762621	0.0569280343716434
0.0596858638743456	0.0753926701570681	0.0670157068062827	0.0617801047120419	0.0680628272251309	0.0670157068062827	0.0575916230366492	0.0523560209424084	0.0659685863874346	0.0712041884816754	0.0722513089005236	0.0659685863874346	0.0575916230366492	0.0649214659685864	0.0691099476439791	0.0596858638743456	0.0617801047120419	0.0607329842931937	0.0471204188481675	0.0575916230366492	0.0659685863874346	0.0691099476439791	0.0691099476439791	0.0680628272251309	0.0617801047120419	0.056544502617801	0.06282722513089	0.0680628272251309	0.0534031413612565	0.0617801047120419	0.0596858638743456	0.0638743455497382	0.0659685863874346	0.0638743455497382	0.0607329842931937	0.0596858638743456	0.0534031413612565	0.0544502617801047	0.0680628272251309	0.0575916230366492	0.0575916230366492	0.056544502617801	0.06282722513089	0.0691099476439791	0.0659685863874346	0.0554973821989529	0.06282722513089	0.0691099476439791	0.0659685863874346	0.0596858638743456
0.0587628865979381	0.0742268041237113	0.065979381443299	0.0608247422680412	0.0690721649484536	0.065979381443299	0.0567010309278351	0.0525773195876289	0.065979381443299	0.0701030927835052	0.0721649484536082	0.0670103092783505	0.0567010309278351	0.0639175257731959	0.0701030927835052	0.0597938144329897	0.0608247422680412	0.0618556701030928	0.0463917525773196	0.0577319587628866	0.065979381443299	0.0690721649484536	0.0680412371134021	0.0670103092783505	0.0618556701030928	0.0567010309278351	0.0639175257731959	0.0670103092783505	0.0536082474226804	0.0608247422680412	0.0597938144329897	0.0628865979381443	0.0649484536082474	0.0649484536082474	0.0597938144329897	0.0608247422680412	0.0536082474226804	0.0556701030927835	0.0680412371134021	0.0567010309278351	0.0587628865979381	0.0577319587628866	0.0618556701030928	0.0690721649484536	0.0649484536082474	0.0556701030927835	0.0618556701030928	0.0680412371134021	0.065979381443299	0.0608247422680412
0.0580580580580581	0.0730730730730731	0.0680680680680681	0.0600600600600601	0.0690690690690691	0.0650650650650651	0.0580580580580581	0.0540540540540541	0.0660660660660661	0.0690690690690691	0.0730730730730731	0.0650650650650651	0.0560560560560561	0.0620620620620621	0.0700700700700701	0.0580580580580581	0.0620620620620621	0.0610610610610611	0.046046046046046	0.0570570570570571	0.0670670670670671	0.0690690690690691	0.0690690690690691	0.0660660660660661	0.0610610610610611	0.0560560560560561	0.0630630630630631	0.0650650650650651	0.0520520520520521	0.0640640640640641	0.0580580580580581	0.0650650650650651	0.0660660660660661	0.0630630630630631	0.0610610610610611	0.0600600600600601	0.0540540540540541	0.0550550550550551	0.0660660660660661	0.0550550550550551	0.0590590590590591	0.0580580580580581	0.0620620620620621	0.0690690690690691	0.0640640640640641	0.0550550550550551	0.0620620620620621	0.0700700700700701	0.0640640640640641	0.0600600600600601
0.0584851390220518	0.0728667305848514	0.0709491850431448	0.0584851390220518	0.0719079578139981	0.0642377756471716	0.0584851390220518	0.0546500479386385	0.0680728667305849	0.0719079578139981	0.0709491850431448	0.0642377756471716	0.0584851390220518	0.0642377756471716	0.0728667305848514	0.0594439117929051	0.0632790028763183	0.0632790028763183	0.0479386385426654	0.0565675934803452	0.0699904122722915	0.0690316395014382	0.0671140939597315	0.0671140939597315	0.0661553211888782	0.0556088207094919	0.0642377756471716	0.0642377756471716	0.0546500479386385	0.0642377756471716	0.0584851390220518	0.0642377756471716	0.0680728667305849	0.0642377756471716	0.0604026845637584	0.0584851390220518	0.0556088207094919	0.0556088207094919	0.0661553211888782	0.0565675934803452	0.0613614573346117	0.0594439117929051	0.0604026845637584	0.0699904122722915	0.062320230105465	0.0536912751677852	0.0632790028763183	0.0699904122722915	0.0651965484180249	0.062320230105465
0.0599250936329588	0.0711610486891386	0.0711610486891386	0.0571161048689139	0.0720973782771536	0.0646067415730337	0.0599250936329588	0.0543071161048689	0.0711610486891386	0.0711610486891386	0.0692883895131086	0.0627340823970037	0.0589887640449438	0.0655430711610487	0.0739700374531835	0.0599250936329588	0.0617977528089888	0.0636704119850187	0.049625468164794	0.0589887640449438	0.0720973782771536	0.0683520599250936	0.0664794007490637	0.0674157303370786	0.0646067415730337	0.0543071161048689	0.0655430711610487	0.0646067415730337	0.0543071161048689	0.0636704119850187	0.0589887640449438	0.0664794007490637	0.0674157303370786	0.0636704119850187	0.0599250936329588	0.0571161048689139	0.0571161048689139	0.0552434456928839	0.0655430711610487	0.0561797752808989	0.0617977528089888	0.0608614232209738	0.0599250936329588	0.0702247191011236	0.0617977528089888	0.0543071161048689	0.0636704119850187	0.0683520599250936	0.0664794007490637	0.0608614232209738
0.0631199278629396	0.0721370604147881	0.0712353471596033	0.0577096483318305	0.0739404869251578	0.0631199278629396	0.0586113615870153	0.0559062218214608	0.0685302073940487	0.0739404869251578	0.0694319206492336	0.0613165013525699	0.0586113615870153	0.0649233543733093	0.0739404869251578	0.0586113615870153	0.060414788097385	0.0631199278629396	0.0504959422903517	0.0586113615870153	0.0703336339044184	0.066726780883679	0.0649233543733093	0.0676284941388638	0.0649233543733093	0.0541027953110911	0.0640216411181244	0.0640216411181244	0.0532010820559062	0.0631199278629396	0.0595130748422002	0.0640216411181244	0.066726780883679	0.0640216411181244	0.060414788097385	0.0577096483318305	0.0577096483318305	0.0559062218214608	0.0658250676284941	0.0559062218214608	0.0631199278629396	0.0586113615870153	0.0613165013525699	0.0694319206492336	0.0613165013525699	0.0541027953110911	0.0631199278629396	0.0694319206492336	0.066726780883679	0.060414788097385
0.0646551724137931	0.0706896551724138	0.071551724137931	0.0577586206896552	0.0724137931034483	0.0620689655172414	0.0568965517241379	0.0543103448275862	0.0672413793103448	0.0706896551724138	0.0689655172413793	0.0620689655172414	0.0577586206896552	0.0629310344827586	0.0724137931034483	0.0603448275862069	0.0620689655172414	0.0637931034482759	0.05	0.0603448275862069	0.0706896551724138	0.0663793103448276	0.0637931034482759	0.0655172413793104	0.0637931034482759	0.053448275862069	0.0637931034482759	0.0629310344827586	0.0551724137931034	0.0637931034482759	0.0586206896551724	0.0637931034482759	0.0646551724137931	0.0620689655172414	0.0620689655172414	0.0577586206896552	0.0568965517241379	0.0560344827586207	0.0655172413793104	0.0560344827586207	0.0629310344827586	0.0603448275862069	0.0620689655172414	0.0681034482758621	0.0620689655172414	0.0543103448275862	0.0620689655172414	0.0681034482758621	0.0655172413793104	0.0594827586206897
0.0637755102040816	0.0697278911564626	0.0714285714285714	0.0586734693877551	0.0714285714285714	0.0612244897959184	0.0561224489795918	0.0552721088435374	0.0663265306122449	0.0722789115646258	0.0680272108843537	0.0629251700680272	0.0578231292517007	0.0629251700680272	0.0714285714285714	0.0603741496598639	0.0620748299319728	0.0654761904761905	0.0535714285714286	0.0595238095238095	0.070578231292517	0.0654761904761905	0.0629251700680272	0.0646258503401361	0.0637755102040816	0.0535714285714286	0.0629251700680272	0.0620748299319728	0.0552721088435374	0.0654761904761905	0.0595238095238095	0.0654761904761905	0.0646258503401361	0.0620748299319728	0.0629251700680272	0.0603741496598639	0.0578231292517007	0.0569727891156463	0.0646258503401361	0.0552721088435374	0.0620748299319728	0.0603741496598639	0.0620748299319728	0.0680272108843537	0.0620748299319728	0.0535714285714286	0.0620748299319728	0.0671768707482993	0.0646258503401361	0.0612244897959184
0.0644351464435146	0.0702928870292887	0.0711297071129707	0.0577405857740586	0.0711297071129707	0.0619246861924686	0.0552301255230126	0.0543933054393305	0.0669456066945607	0.0719665271966527	0.0686192468619247	0.0644351464435146	0.0577405857740586	0.0635983263598326	0.0702928870292887	0.0602510460251046	0.0619246861924686	0.0644351464435146	0.0527196652719665	0.0594142259414226	0.0711297071129707	0.0669456066945607	0.0627615062761506	0.0644351464435146	0.0635983263598326	0.0560669456066946	0.0661087866108787	0.0610878661087866	0.0560669456066946	0.0644351464435146	0.0585774058577406	0.0652719665271966	0.0652719665271966	0.0610878661087866	0.0619246861924686	0.0619246861924686	0.0569037656903766	0.0560669456066946	0.0644351464435146	0.0552301255230126	0.0644351464435146	0.0602510460251046	0.0619246861924686	0.0686192468619247	0.0627615062761506	0.0560669456066946	0.0610878661087866	0.0661087866108787	0.0652719665271966	0.0610878661087866
0.0627943485086342	0.0698587127158556	0.0714285714285714	0.0604395604395604	0.0706436420722135	0.0620094191522763	0.0557299843014129	0.0565149136577708	0.0682888540031397	0.0698587127158556	0.0667189952904239	0.0659340659340659	0.0604395604395604	0.065149136577708	0.0698587127158556	0.0612244897959184	0.0620094191522763	0.0635792778649922	0.0525902668759812	0.0620094191522763	0.0714285714285714	0.0675039246467818	0.0612244897959184	0.065149136577708	0.065149136577708	0.0572998430141287	0.0659340659340659	0.0635792778649922	0.0588697017268446	0.0667189952904239	0.0580847723704867	0.0659340659340659	0.065149136577708	0.0612244897959184	0.0604395604395604	0.0627943485086342	0.0596546310832025	0.0572998430141287	0.0659340659340659	0.0565149136577708	0.0635792778649922	0.0580847723704867	0.065149136577708	0.0722135007849294	0.0620094191522763	0.0549450549450549	0.0627943485086342	0.065149136577708	0.0620094191522763	0.0612244897959184
0.0623538581449727	0.0701480904130943	0.0709275136399065	0.0600155884645362	0.0709275136399065	0.0615744349181606	0.0561184723304754	0.0568978955572876	0.0678098207326578	0.0709275136399065	0.0670303975058457	0.0670303975058457	0.0607950116913484	0.0654715510522214	0.0693686671862822	0.0615744349181606	0.0615744349181606	0.0631332813717849	0.053780202650039	0.0623538581449727	0.0717069368667186	0.0670303975058457	0.0607950116913484	0.0662509742790335	0.0646921278254092	0.0568978955572876	0.0654715510522214	0.0631332813717849	0.0584567420109119	0.0662509742790335	0.0592361652377241	0.0654715510522214	0.0654715510522214	0.0615744349181606	0.0600155884645362	0.0623538581449727	0.0592361652377241	0.0568978955572876	0.0662509742790335	0.0561184723304754	0.0646921278254092	0.0584567420109119	0.0646921278254092	0.0724863600935308	0.063912704598597	0.0545596258768511	0.0623538581449727	0.0646921278254092	0.0615744349181606	0.0607950116913484
0.0613026819923372	0.0704980842911877	0.0704980842911877	0.0620689655172414	0.0697318007662835	0.060536398467433	0.0559386973180077	0.0590038314176245	0.0674329501915709	0.0697318007662835	0.0666666666666667	0.0674329501915709	0.060536398467433	0.0659003831417625	0.0689655172413793	0.0613026819923372	0.0620689655172414	0.064367816091954	0.0544061302681992	0.0620689655172414	0.0704980842911877	0.0659003831417625	0.0597701149425287	0.0659003831417625	0.0636015325670498	0.0574712643678161	0.0659003831417625	0.0620689655172414	0.0574712643678161	0.0651340996168582	0.0582375478927203	0.0651340996168582	0.064367816091954	0.060536398467433	0.0597701149425287	0.0613026819923372	0.0582375478927203	0.0574712643678161	0.0651340996168582	0.0567049808429119	0.0636015325670498	0.0582375478927203	0.0651340996168582	0.0727969348659004	0.064367816091954	0.053639846743295	0.0613026819923372	0.0636015325670498	0.0620689655172414	0.0613026819923372
0.0607651912978245	0.0697674418604651	0.0712678169542386	0.0615153788447112	0.0690172543135784	0.0607651912978245	0.0555138784696174	0.059264816204051	0.0667666916729182	0.0697674418604651	0.0682670667666917	0.0660165041260315	0.0607651912978245	0.0667666916729182	0.0690172543135784	0.0622655663915979	0.0630157539384846	0.0660165041260315	0.0555138784696174	0.0607651912978245	0.0697674418604651	0.0652663165791448	0.059264816204051	0.0652663165791448	0.0630157539384846	0.0570142535633908	0.0645161290322581	0.0615153788447112	0.0577644411102776	0.0645161290322581	0.0585146286571643	0.0652663165791448	0.0645161290322581	0.0600150037509377	0.059264816204051	0.0607651912978245	0.0585146286571643	0.0570142535633908	0.0645161290322581	0.0562640660165041	0.0637659414853713	0.0577644411102776	0.0645161290322581	0.0712678169542386	0.0652663165791448	0.0532633158289572	0.0622655663915979	0.0622655663915979	0.0615153788447112	0.0615153788447112
0.0607407407407407	0.0688888888888889	0.0703703703703704	0.0622222222222222	0.0681481481481482	0.0607407407407407	0.0562962962962963	0.0585185185185185	0.0666666666666667	0.0696296296296296	0.0681481481481482	0.0659259259259259	0.0614814814814815	0.0666666666666667	0.0681481481481482	0.062962962962963	0.062962962962963	0.0666666666666667	0.0555555555555556	0.0607407407407407	0.0688888888888889	0.0644444444444444	0.06	0.0651851851851852	0.062962962962963	0.057037037037037	0.0644444444444444	0.0614814814814815	0.057037037037037	0.0637037037037037	0.0585185185185185	0.0651851851851852	0.0637037037037037	0.06	0.0592592592592593	0.06	0.06	0.0562962962962963	0.0637037037037037	0.0562962962962963	0.0644444444444444	0.057037037037037	0.0644444444444444	0.0725925925925926	0.0651851851851852	0.0533333333333333	0.0622222222222222	0.0622222222222222	0.0607407407407407	0.0622222222222222
0.0600558659217877	0.0705307262569832	0.0691340782122905	0.0621508379888268	0.0670391061452514	0.0600558659217877	0.058659217877095	0.058659217877095	0.0670391061452514	0.071927374301676	0.066340782122905	0.0635474860335195	0.0593575418994413	0.066340782122905	0.0670391061452514	0.0635474860335195	0.0614525139664804	0.0670391061452514	0.0551675977653631	0.0607541899441341	0.0684357541899441	0.0628491620111732	0.0621508379888268	0.066340782122905	0.0621508379888268	0.0579608938547486	0.0635474860335195	0.0621508379888268	0.0544692737430168	0.0642458100558659	0.0607541899441341	0.0642458100558659	0.0621508379888268	0.0607541899441341	0.0600558659217877	0.0593575418994413	0.0614525139664804	0.0579608938547486	0.0642458100558659	0.0551675977653631	0.0614525139664804	0.058659217877095	0.0635474860335195	0.071927374301676	0.0656424581005587	0.053072625698324	0.0628491620111732	0.0621508379888268	0.0621508379888268	0.0621508379888268
0.0610263522884882	0.0700416088765603	0.0686546463245492	0.0624133148404993	0.0665742024965326	0.0596393897364771	0.0596393897364771	0.058252427184466	0.0672676837725381	0.0714285714285714	0.0679611650485437	0.0631067961165049	0.0596393897364771	0.065880721220527	0.0672676837725381	0.0631067961165049	0.0610263522884882	0.0672676837725381	0.0554785020804438	0.0617198335644938	0.0679611650485437	0.0624133148404993	0.0624133148404993	0.065880721220527	0.0624133148404993	0.0575589459084605	0.0631067961165049	0.0617198335644938	0.0540915395284327	0.0638002773925104	0.0603328710124827	0.0638002773925104	0.0617198335644938	0.0603328710124827	0.0596393897364771	0.0589459084604716	0.0610263522884882	0.0575589459084605	0.0644937586685159	0.0547850208044383	0.0617198335644938	0.0589459084604716	0.0631067961165049	0.0714285714285714	0.065880721220527	0.0527045769764216	0.0638002773925104	0.0617198335644938	0.0624133148404993	0.0631067961165049
0.060958904109589	0.0712328767123288	0.0684931506849315	0.0616438356164384	0.0664383561643836	0.0595890410958904	0.0595890410958904	0.0582191780821918	0.0678082191780822	0.0726027397260274	0.0671232876712329	0.063013698630137	0.0595890410958904	0.0657534246575342	0.0664383561643836	0.063013698630137	0.063013698630137	0.0664383561643836	0.0547945205479452	0.0623287671232877	0.0678082191780822	0.0616438356164384	0.0623287671232877	0.0664383561643836	0.0623287671232877	0.0568493150684932	0.0643835616438356	0.060958904109589	0.0534246575342466	0.063013698630137	0.0602739726027397	0.0643835616438356	0.060958904109589	0.060958904109589	0.0595890410958904	0.0582191780821918	0.0602739726027397	0.0568493150684932	0.0636986301369863	0.0547945205479452	0.0616438356164384	0.0589041095890411	0.063013698630137	0.0719178082191781	0.0671232876712329	0.0527397260273973	0.0636986301369863	0.0616438356164384	0.063013698630137	0.063013698630137
0.0603217158176944	0.0710455764075067	0.0683646112600536	0.0609919571045576	0.0650134048257373	0.0603217158176944	0.0603217158176944	0.0589812332439678	0.0663538873994638	0.07171581769437	0.0663538873994638	0.0630026809651475	0.0596514745308311	0.0656836461126005	0.0663538873994638	0.064343163538874	0.0616621983914209	0.0656836461126005	0.0556300268096515	0.0623324396782842	0.0683646112600536	0.0630026809651475	0.0609919571045576	0.0656836461126005	0.0623324396782842	0.0576407506702413	0.0630026809651475	0.0609919571045576	0.0529490616621984	0.0636729222520107	0.0603217158176944	0.0636729222520107	0.0603217158176944	0.0623324396782842	0.0596514745308311	0.056970509383378	0.0609919571045576	0.0563002680965147	0.0636729222520107	0.0549597855227882	0.0616621983914209	0.0576407506702413	0.0623324396782842	0.07171581769437	0.0663538873994638	0.0516085790884718	0.0630026809651475	0.0609919571045576	0.0630026809651475	0.0616621983914209
0.0606666666666667	0.0713333333333333	0.0693333333333333	0.0613333333333333	0.0646666666666667	0.0606666666666667	0.06	0.0586666666666667	0.066	0.072	0.0666666666666667	0.0633333333333333	0.0593333333333333	0.0653333333333333	0.0666666666666667	0.0646666666666667	0.0613333333333333	0.0673333333333333	0.056	0.062	0.0693333333333333	0.0646666666666667	0.0606666666666667	0.0653333333333333	0.0626666666666667	0.0573333333333333	0.0633333333333333	0.0613333333333333	0.0526666666666667	0.0633333333333333	0.0606666666666667	0.064	0.06	0.0646666666666667	0.0593333333333333	0.0566666666666667	0.0606666666666667	0.056	0.0633333333333333	0.0553333333333333	0.0613333333333333	0.0573333333333333	0.062	0.0713333333333333	0.0666666666666667	0.0533333333333333	0.0633333333333333	0.0606666666666667	0.0626666666666667	0.0626666666666667
0.0605053191489362	0.0718085106382979	0.0691489361702128	0.0618351063829787	0.0644946808510638	0.0605053191489362	0.0605053191489362	0.0585106382978723	0.0658244680851064	0.0718085106382979	0.0664893617021277	0.0631648936170213	0.0598404255319149	0.0658244680851064	0.0664893617021277	0.0644946808510638	0.0611702127659574	0.0678191489361702	0.0558510638297872	0.0625	0.0691489361702128	0.0651595744680851	0.0605053191489362	0.0651595744680851	0.0625	0.0571808510638298	0.0638297872340425	0.0625	0.0525265957446809	0.0631648936170213	0.0611702127659574	0.0644946808510638	0.0605053191489362	0.0644946808510638	0.0598404255319149	0.0565159574468085	0.0605053191489362	0.0565159574468085	0.0631648936170213	0.055186170212766	0.0625	0.0571808510638298	0.0625	0.0711436170212766	0.0664893617021277	0.0531914893617021	0.0631648936170213	0.0605053191489362	0.0638297872340425	0.0625
0.0618087182823683	0.070266753415745	0.0683148991541965	0.0605074821080026	0.066363044892648	0.0618087182823683	0.0605074821080026	0.0585556278464541	0.0657124268054652	0.0715679895901106	0.066363044892648	0.0631099544567339	0.059206245933637	0.0650618087182824	0.0657124268054652	0.0644111906310995	0.0611581001951854	0.0683148991541965	0.0559531554977228	0.0618087182823683	0.0683148991541965	0.0650618087182824	0.0611581001951854	0.0657124268054652	0.0631099544567339	0.0572543916720885	0.0644111906310995	0.0611581001951854	0.0520494469746259	0.0631099544567339	0.0605074821080026	0.0644111906310995	0.0605074821080026	0.0637605725439167	0.059206245933637	0.0566037735849057	0.0598568640208198	0.05530253741054	0.0644111906310995	0.0572543916720885	0.0637605725439167	0.0579050097592713	0.0631099544567339	0.0709173715029278	0.0676642810670137	0.05530253741054	0.0624593363695511	0.0618087182823683	0.0631099544567339	0.0624593363695511
0.0618296529968454	0.0700315457413249	0.0681388012618297	0.0599369085173502	0.0694006309148265	0.0605678233438486	0.0599369085173502	0.0580441640378549	0.0649842271293375	0.0719242902208202	0.0662460567823344	0.0624605678233438	0.0593059936908517	0.0649842271293375	0.0662460567823344	0.0649842271293375	0.061198738170347	0.0687697160883281	0.0561514195583596	0.0618296529968454	0.0694006309148265	0.0649842271293375	0.061198738170347	0.065615141955836	0.0630914826498423	0.0561514195583596	0.0649842271293375	0.061198738170347	0.0555205047318612	0.0637223974763407	0.0605678233438486	0.0637223974763407	0.0618296529968454	0.0637223974763407	0.0586750788643533	0.056782334384858	0.0599369085173502	0.0561514195583596	0.065615141955836	0.0574132492113565	0.0630914826498423	0.0593059936908517	0.0630914826498423	0.0706624605678233	0.0681388012618297	0.0548895899053628	0.0630914826498423	0.0618296529968454	0.0637223974763407	0.0643533123028391
0.0611735330836454	0.0692883895131086	0.0692883895131086	0.0605493133583021	0.0711610486891386	0.0611735330836454	0.0593008739076155	0.0580524344569288	0.0649188514357054	0.0711610486891386	0.0655430711610487	0.0630461922596754	0.0605493133583021	0.0642946317103621	0.0667915106117353	0.0649188514357054	0.0611735330836454	0.0692883895131086	0.0561797752808989	0.0611735330836454	0.0692883895131086	0.0655430711610487	0.0624219725343321	0.066167290886392	0.0630461922596754	0.0568039950062422	0.0667915106117353	0.0630461922596754	0.0549313358302122	0.066167290886392	0.0605493133583021	0.0642946317103621	0.0630461922596754	0.0642946317103621	0.0586766541822722	0.0561797752808989	0.0599250936329588	0.0561797752808989	0.0649188514357054	0.0580524344569288	0.0636704119850187	0.0599250936329588	0.0649188514357054	0.0717852684144819	0.0674157303370786	0.0549313358302122	0.0636704119850187	0.0617977528089888	0.0642946317103621	0.066167290886392
0.0606435643564356	0.0686881188118812	0.0686881188118812	0.0600247524752475	0.0705445544554455	0.0618811881188119	0.0594059405940594	0.0581683168316832	0.0649752475247525	0.0717821782178218	0.0655940594059406	0.0631188118811881	0.0600247524752475	0.0643564356435644	0.0662128712871287	0.0649752475247525	0.0606435643564356	0.0705445544554455	0.0563118811881188	0.0612623762376238	0.0686881188118812	0.0662128712871287	0.0618811881188119	0.067450495049505	0.0631188118811881	0.0563118811881188	0.0662128712871287	0.0625	0.0544554455445545	0.0655940594059406	0.0606435643564356	0.0649752475247525	0.0625	0.0643564356435644	0.0587871287128713	0.0556930693069307	0.0594059405940594	0.0556930693069307	0.0649752475247525	0.0575495049504951	0.0637376237623762	0.0594059405940594	0.0649752475247525	0.0717821782178218	0.067450495049505	0.0569306930693069	0.0637376237623762	0.0612623762376238	0.0655940594059406	0.0655940594059406
0.0603290676416819	0.068860450944546	0.0694698354661792	0.0621572212065814	0.0700792199878123	0.0633759902498476	0.0597196831200488	0.0585009140767824	0.0652041438147471	0.0712979890310786	0.0670322973796466	0.0627666057282145	0.0591102985984156	0.064594759293114	0.0670322973796466	0.0652041438147471	0.0603290676416819	0.0700792199878123	0.056672760511883	0.0627666057282145	0.068860450944546	0.0658135283363803	0.0627666057282145	0.0676416819012797	0.0639853747714808	0.0572821450335161	0.0658135283363803	0.0627666057282145	0.0542352224253504	0.0658135283363803	0.0627666057282145	0.0639853747714808	0.0633759902498476	0.0652041438147471	0.0578915295551493	0.0554539914686167	0.0591102985984156	0.0560633759902498	0.0639853747714808	0.0572821450335161	0.0639853747714808	0.0603290676416819	0.064594759293114	0.0712979890310786	0.068860450944546	0.056672760511883	0.0633759902498476	0.0609384521633151	0.0664229128580134	0.0670322973796466
0.0609903381642512	0.0694444444444444	0.0688405797101449	0.0615942028985507	0.070048309178744	0.0628019323671498	0.0597826086956522	0.0591787439613527	0.0658212560386473	0.0706521739130435	0.0664251207729469	0.0621980676328502	0.0591787439613527	0.0640096618357488	0.0676328502415459	0.0652173913043478	0.0603864734299517	0.070048309178744	0.0561594202898551	0.0621980676328502	0.0682367149758454	0.0652173913043478	0.0628019323671498	0.0670289855072464	0.0640096618357488	0.0585748792270531	0.0658212560386473	0.0628019323671498	0.054951690821256	0.0652173913043478	0.0628019323671498	0.0640096618357488	0.0634057971014493	0.0646135265700483	0.0591787439613527	0.0555555555555556	0.0591787439613527	0.0567632850241546	0.0634057971014493	0.0579710144927536	0.0646135265700483	0.0603864734299517	0.0646135265700483	0.0718599033816425	0.0694444444444444	0.0567632850241546	0.0640096618357488	0.0603864734299517	0.0658212560386473	0.0670289855072464
0.061114439784302	0.0695026962252846	0.0683043738765728	0.061114439784302	0.0695026962252846	0.0629119233073697	0.0599161174355902	0.0593169562612343	0.0659077291791492	0.0701018573996405	0.0665068903535051	0.0623127621330138	0.0587177950868784	0.0635110844817256	0.0683043738765728	0.0647094068304374	0.0605152786099461	0.0695026962252846	0.0563211503894548	0.0623127621330138	0.0677052127022169	0.0653085680047933	0.0623127621330138	0.067106051527861	0.0641102456560815	0.0587177950868784	0.067106051527861	0.0623127621330138	0.0545236668663871	0.0659077291791492	0.0629119233073697	0.0647094068304374	0.0635110844817256	0.0641102456560815	0.0587177950868784	0.055122828040743	0.0593169562612343	0.0575194727381666	0.0629119233073697	0.0581186339125225	0.0647094068304374	0.0599161174355902	0.0647094068304374	0.0713001797483523	0.0689035350509287	0.0563211503894548	0.0635110844817256	0.0617136009586579	0.0659077291791492	0.0665068903535051
0.0619469026548673	0.0696165191740413	0.0684365781710914	0.0601769911504425	0.0696165191740413	0.0619469026548673	0.0607669616519174	0.0584070796460177	0.0660766961651917	0.0696165191740413	0.0654867256637168	0.0619469026548673	0.0584070796460177	0.0631268436578171	0.0672566371681416	0.0648967551622419	0.0601769911504425	0.0696165191740413	0.0566371681415929	0.0625368731563422	0.0684365781710914	0.0654867256637168	0.0625368731563422	0.0672566371681416	0.064306784660767	0.0589970501474926	0.0672566371681416	0.0625368731563422	0.0554572271386431	0.0660766961651917	0.0625368731563422	0.064306784660767	0.0625368731563422	0.0654867256637168	0.0584070796460177	0.0554572271386431	0.0589970501474926	0.0572271386430678	0.0619469026548673	0.0584070796460177	0.0648967551622419	0.0595870206489676	0.0666666666666667	0.0707964601769911	0.0684365781710914	0.056047197640118	0.0625368731563422	0.0619469026548673	0.0660766961651917	0.0660766961651917
0.0612959719789842	0.0694687682428488	0.067717454757735	0.0595446584938704	0.070636310566258	0.0618797431406889	0.060128429655575	0.0589608873321658	0.0665499124343257	0.0688849970811442	0.0647985989492119	0.0624635143023935	0.0589608873321658	0.0624635143023935	0.0665499124343257	0.0647985989492119	0.0612959719789842	0.070636310566258	0.0560420315236427	0.0618797431406889	0.067717454757735	0.0653823701109165	0.0630472854640981	0.0665499124343257	0.0647985989492119	0.0589608873321658	0.0665499124343257	0.0630472854640981	0.0548744892002335	0.0659661412726211	0.0630472854640981	0.0642148277875073	0.0624635143023935	0.0659661412726211	0.0583771161704612	0.0548744892002335	0.0595446584938704	0.0583771161704612	0.0618797431406889	0.0577933450087566	0.0647985989492119	0.0589608873321658	0.0665499124343257	0.0718038528896672	0.067717454757735	0.0566258026853473	0.0618797431406889	0.0624635143023935	0.0665499124343257	0.0659661412726211
0.0618202633085289	0.070406410990269	0.066971951917573	0.0589582140812822	0.0709788208357184	0.0612478534630796	0.0601030337721809	0.0583858042358329	0.0658271322266743	0.0692615912993703	0.0658271322266743	0.0623926731539782	0.0601030337721809	0.0635374928448769	0.0663995420721236	0.0641099026903263	0.0612478534630796	0.070406410990269	0.0560961648540355	0.0618202633085289	0.0681167716084717	0.0658271322266743	0.0629650829994276	0.066971951917573	0.065254722381225	0.0606754436176302	0.0675443617630223	0.065254722381225	0.0549513451631368	0.0663995420721236	0.0629650829994276	0.0641099026903263	0.0635374928448769	0.065254722381225	0.0572409845449342	0.0549513451631368	0.0589582140812822	0.0583858042358329	0.0618202633085289	0.0589582140812822	0.0641099026903263	0.0612478534630796	0.066971951917573	0.0721236405266171	0.0675443617630223	0.0578133943903835	0.0612478534630796	0.0623926731539782	0.0681167716084717	0.0658271322266743
0.0619419642857143	0.0703125	0.0658482142857143	0.0591517857142857	0.0714285714285714	0.0613839285714286	0.0602678571428571	0.0591517857142857	0.0669642857142857	0.0697544642857143	0.0652901785714286	0.0613839285714286	0.0591517857142857	0.0641741071428571	0.0680803571428571	0.0652901785714286	0.0608258928571429	0.0691964285714286	0.0558035714285714	0.0619419642857143	0.0680803571428571	0.0675223214285714	0.0625	0.0675223214285714	0.0636160714285714	0.0602678571428571	0.0658482142857143	0.0652901785714286	0.0558035714285714	0.0675223214285714	0.0619419642857143	0.0630580357142857	0.0647321428571429	0.0669642857142857	0.0563616071428571	0.0541294642857143	0.0597098214285714	0.0597098214285714	0.0619419642857143	0.0580357142857143	0.0652901785714286	0.0613839285714286	0.0686383928571429	0.0703125	0.0686383928571429	0.05859375	0.0608258928571429	0.0613839285714286	0.0669642857142857	0.0647321428571429
0.0638297872340425	0.0712765957446809	0.0664893617021277	0.0601063829787234	0.0718085106382979	0.0617021276595745	0.0595744680851064	0.0595744680851064	0.0707446808510638	0.0680851063829787	0.0670212765957447	0.0617021276595745	0.0590425531914894	0.0648936170212766	0.0664893617021277	0.0643617021276596	0.0622340425531915	0.0680851063829787	0.0601063829787234	0.0611702127659574	0.0680851063829787	0.0675531914893617	0.0638297872340425	0.0670212765957447	0.0627659574468085	0.0622340425531915	0.0654255319148936	0.0659574468085106	0.0553191489361702	0.0664893617021277	0.0638297872340425	0.0627659574468085	0.0643617021276596	0.0664893617021277	0.0569148936170213	0.0574468085106383	0.0590425531914894	0.0606382978723404	0.0627659574468085	0.0579787234042553	0.0648936170212766	0.0627659574468085	0.0702127659574468	0.0712765957446809	0.0691489361702128	0.0579787234042553	0.0611702127659574	0.0622340425531915	0.0670212765957447	0.0638297872340425
0.0632514375326712	0.0716152639832724	0.0658651332984841	0.0606377417668583	0.0731834814427601	0.0616832200731835	0.0595922634605332	0.0590695243073706	0.0700470465237846	0.0674333507579718	0.0669106116048092	0.0616832200731835	0.0585467851542081	0.0637741766858338	0.0674333507579718	0.0642969158389963	0.0622059592263461	0.0674333507579718	0.0590695243073706	0.0611604809200209	0.0695243073706221	0.0679560899111343	0.0637741766858338	0.0669106116048092	0.0627286983795086	0.0616832200731835	0.0642969158389963	0.0653423941453215	0.0564558285415578	0.0658651332984841	0.0642969158389963	0.0627286983795086	0.0632514375326712	0.0658651332984841	0.0569785676947203	0.0569785676947203	0.0590695243073706	0.0606377417668583	0.0627286983795086	0.0575013068478829	0.0648196549921589	0.0616832200731835	0.0695243073706221	0.0700470465237846	0.0684788290642969	0.0590695243073706	0.0601150026136958	0.0611604809200209	0.0674333507579718	0.0632514375326712
0.0633416458852868	0.0703241895261845	0.0653366583541147	0.0623441396508728	0.0723192019950125	0.0613466334164589	0.0623441396508728	0.0588528678304239	0.0698254364089776	0.0668329177057357	0.0683291770573566	0.0643391521197007	0.0588528678304239	0.0653366583541147	0.0668329177057357	0.0638403990024938	0.0633416458852868	0.0673316708229426	0.05785536159601	0.0598503740648379	0.0688279301745636	0.0678304239401496	0.0653366583541147	0.0658354114713217	0.0633416458852868	0.0618453865336658	0.0633416458852868	0.0643391521197007	0.05785536159601	0.0653366583541147	0.0643391521197007	0.0633416458852868	0.0653366583541147	0.0663341645885287	0.056857855361596	0.057356608478803	0.0618453865336658	0.0603491271820449	0.0628428927680798	0.057356608478803	0.0643391521197007	0.0618453865336658	0.0698254364089776	0.0683291770573566	0.0728179551122194	0.0618453865336658	0.0598503740648379	0.0618453865336658	0.0663341645885287	0.0628428927680798
0.06282722513089	0.0723465016658734	0.0637791527843884	0.06282722513089	0.0704426463588767	0.0604474059971442	0.0633031889576392	0.0594954783436459	0.0685387910518801	0.0652070442646359	0.0704426463588767	0.0652070442646359	0.0580675868633984	0.0671108995716326	0.0680628272251309	0.0637791527843884	0.0609233698238934	0.0671108995716326	0.0594954783436459	0.0594954783436459	0.0671108995716326	0.0666349357448834	0.0685387910518801	0.0642551166111376	0.0652070442646359	0.0633031889576392	0.0647310804378867	0.0633031889576392	0.0590195145168967	0.0642551166111376	0.0642551166111376	0.0642551166111376	0.0656830080913851	0.0647310804378867	0.0571156592099	0.0580675868633984	0.0618752974773917	0.0604474059971442	0.0633031889576392	0.0566396953831509	0.06282722513089	0.0604474059971442	0.0675868633983817	0.0699666825321276	0.0723465016658734	0.0637791527843884	0.0618752974773917	0.0618752974773917	0.0671108995716326	0.0642551166111376
0.0626177024482109	0.0720338983050847	0.0645009416195857	0.0630885122410546	0.0696798493408663	0.0602636534839925	0.0626177024482109	0.0607344632768362	0.0687382297551789	0.0645009416195857	0.0710922787193974	0.0668549905838041	0.0588512241054614	0.0673258003766478	0.0673258003766478	0.0635593220338983	0.0612052730696798	0.0673258003766478	0.0597928436911488	0.0588512241054614	0.0677966101694915	0.0663841807909605	0.0682674199623352	0.0649717514124294	0.0645009416195857	0.064030131826742	0.0645009416195857	0.0626177024482109	0.0583804143126177	0.0645009416195857	0.0645009416195857	0.0645009416195857	0.0659133709981168	0.0645009416195857	0.0583804143126177	0.057909604519774	0.0616760828625235	0.0597928436911488	0.064030131826742	0.0569679849340866	0.0635593220338983	0.0607344632768362	0.0673258003766478	0.0696798493408663	0.0720338983050847	0.0635593220338983	0.0626177024482109	0.0616760828625235	0.0677966101694915	0.064030131826742
0.0626408292023434	0.0707525912573231	0.0648940964398378	0.06399278954484	0.0716538981523209	0.0612888688598468	0.0612888688598468	0.0621901757548445	0.0698512843623254	0.0648940964398378	0.0716538981523209	0.0657954033348355	0.0572329878323569	0.0666967102298333	0.0680486705723299	0.0635421360973411	0.0630914826498423	0.0689499774673276	0.0590356016223524	0.0590356016223524	0.0684993240198288	0.067598017124831	0.0684993240198288	0.0653447498873366	0.0648940964398378	0.0648940964398378	0.06399278954484	0.0626408292023434	0.0594862550698513	0.0644434429923389	0.0657954033348355	0.0657954033348355	0.0666967102298333	0.0648940964398378	0.0590356016223524	0.0594862550698513	0.0621901757548445	0.0594862550698513	0.0635421360973411	0.0585849481748535	0.0635421360973411	0.0612888688598468	0.067598017124831	0.0689499774673276	0.071203244704822	0.06399278954484	0.0630914826498423	0.0621901757548445	0.0680486705723299	0.06399278954484
0.0627956989247312	0.0696774193548387	0.0653763440860215	0.0649462365591398	0.0709677419354839	0.0602150537634409	0.0627956989247312	0.0627956989247312	0.0726881720430108	0.0636559139784946	0.0713978494623656	0.0649462365591398	0.0576344086021505	0.0683870967741936	0.0670967741935484	0.0649462365591398	0.061505376344086	0.0683870967741936	0.0606451612903226	0.0610752688172043	0.0696774193548387	0.0683870967741936	0.0675268817204301	0.0649462365591398	0.0645161290322581	0.0683870967741936	0.0649462365591398	0.0627956989247312	0.0619354838709677	0.0636559139784946	0.0666666666666667	0.0649462365591398	0.0666666666666667	0.0658064516129032	0.0589247311827957	0.0619354838709677	0.0632258064516129	0.0593548387096774	0.0632258064516129	0.0589247311827957	0.0645161290322581	0.0610752688172043	0.0653763440860215	0.069247311827957	0.0701075268817204	0.0649462365591398	0.0636559139784946	0.0636559139784946	0.0688172043010753	0.0645161290322581
0.06265664160401	0.0710108604845447	0.0651629072681704	0.0659983291562239	0.0710108604845447	0.0609857978279031	0.06265664160401	0.0614035087719298	0.0722639933166249	0.0639097744360902	0.0693400167084378	0.0651629072681704	0.058061821219716	0.068922305764411	0.0685045948203843	0.0651629072681704	0.0622389306599833	0.0680868838763576	0.0614035087719298	0.0630743525480368	0.0685045948203843	0.068922305764411	0.068922305764411	0.0639097744360902	0.0647451963241437	0.0697577276524645	0.064327485380117	0.0622389306599833	0.0647451963241437	0.064327485380117	0.0664160401002506	0.0659983291562239	0.0668337510442774	0.0659983291562239	0.0588972431077694	0.0622389306599833	0.0634920634920635	0.0584795321637427	0.0634920634920635	0.0605680868838764	0.0651629072681704	0.0622389306599833	0.0659983291562239	0.0697577276524645	0.0697577276524645	0.064327485380117	0.0630743525480368	0.0639097744360902	0.0693400167084378	0.0659983291562239
0.0630630630630631	0.0712530712530713	0.0655200655200655	0.0659295659295659	0.07002457002457	0.0614250614250614	0.0618345618345618	0.0601965601965602	0.0720720720720721	0.0634725634725635	0.0687960687960688	0.0659295659295659	0.0585585585585586	0.0683865683865684	0.0687960687960688	0.0655200655200655	0.0622440622440622	0.0683865683865684	0.0622440622440622	0.0638820638820639	0.0704340704340704	0.0687960687960688	0.0692055692055692	0.0638820638820639	0.0634725634725635	0.0704340704340704	0.0667485667485667	0.0642915642915643	0.0642915642915643	0.0651105651105651	0.0675675675675676	0.0659295659295659	0.0663390663390663	0.0659295659295659	0.058968058968059	0.0622440622440622	0.0638820638820639	0.0573300573300573	0.0647010647010647	0.0614250614250614	0.0647010647010647	0.0618345618345618	0.0671580671580672	0.0704340704340704	0.0696150696150696	0.0647010647010647	0.0642915642915643	0.0659295659295659	0.0692055692055692	0.0659295659295659
0.0636400486420754	0.0713417105796514	0.0652614511552493	0.0664775030401297	0.0697203080664775	0.0608025942440211	0.0612079448723146	0.0603972436157276	0.0721524118362383	0.0640453992703689	0.0680989055533036	0.0652614511552493	0.0591811917308472	0.0676935549250101	0.0680989055533036	0.0652614511552493	0.0620186461289015	0.069314957438184	0.0628293473854885	0.0640453992703689	0.070125658694771	0.0689096068098906	0.0689096068098906	0.0636400486420754	0.0628293473854885	0.0705310093230645	0.0668828536684232	0.0640453992703689	0.0640453992703689	0.0644507498986623	0.0668828536684232	0.0656668017835428	0.0656668017835428	0.0668828536684232	0.0587758411025537	0.062423996757195	0.0632346980137819	0.0571544385893798	0.0648561005269558	0.0612079448723146	0.0644507498986623	0.061613295500608	0.0664775030401297	0.0697203080664775	0.069314957438184	0.0644507498986623	0.0644507498986623	0.0660721524118362	0.0697203080664775	0.0668828536684232
0.0644773728474169	0.0708850620744894	0.065678814577493	0.0668802563075691	0.0708850620744894	0.0600720865038046	0.0604725670804966	0.0608730476571886	0.0712855426511814	0.0636764116940328	0.0680816980376452	0.065678814577493	0.0588706447737285	0.0680816980376452	0.0676812174609531	0.065278334000801	0.0624749699639567	0.0692831397677213	0.0628754505406488	0.0644773728474169	0.0704845814977974	0.0680816980376452	0.0692831397677213	0.0636764116940328	0.0628754505406488	0.0700841009211053	0.0668802563075691	0.0640768922707249	0.0636764116940328	0.065678814577493	0.0668802563075691	0.0648778534241089	0.065678814577493	0.0672807368842611	0.0580696836203444	0.0628754505406488	0.0628754505406488	0.0568682418902683	0.065678814577493	0.0612735282338807	0.0640768922707249	0.0612735282338807	0.066079295154185	0.0696836203444133	0.0688826591910292	0.0640768922707249	0.0636764116940328	0.0664797757308771	0.0696836203444133	0.0668802563075691
0.0638888888888889	0.0714285714285714	0.0650793650793651	0.0662698412698413	0.071031746031746	0.0595238095238095	0.0615079365079365	0.0607142857142857	0.071031746031746	0.0634920634920635	0.0690476190476191	0.0654761904761905	0.0583333333333333	0.0678571428571429	0.0674603174603175	0.0650793650793651	0.0623015873015873	0.0698412698412698	0.0623015873015873	0.0638888888888889	0.0702380952380952	0.0674603174603175	0.0690476190476191	0.0630952380952381	0.0626984126984127	0.0698412698412698	0.0666666666666667	0.0638888888888889	0.0630952380952381	0.0662698412698413	0.0666666666666667	0.0642857142857143	0.0654761904761905	0.0674603174603175	0.0575396825396825	0.0623015873015873	0.0638888888888889	0.0567460317460317	0.0654761904761905	0.0615079365079365	0.0634920634920635	0.0611111111111111	0.0662698412698413	0.0698412698412698	0.0686507936507937	0.0638888888888889	0.0630952380952381	0.0658730158730159	0.0690476190476191	0.0666666666666667
0.0636292223095051	0.0718774548311076	0.0655930871956009	0.0667714061272584	0.0710919088766693	0.0589159465828751	0.0632364493322859	0.0616653574234093	0.0706991358994501	0.0628436763550668	0.0695208169677926	0.0652003142183818	0.0585231736056559	0.0671641791044776	0.0675569520816968	0.0648075412411626	0.0624509033778476	0.0699135899450118	0.0628436763550668	0.0636292223095051	0.0699135899450118	0.0667714061272584	0.0687352710133543	0.0628436763550668	0.0620581304006284	0.070306362922231	0.0663786331500393	0.0640219952867243	0.0624509033778476	0.0663786331500393	0.0667714061272584	0.0648075412411626	0.0655930871956009	0.0683424980361351	0.0577376276512176	0.0620581304006284	0.0648075412411626	0.0565593087195601	0.0655930871956009	0.0612725844461901	0.0640219952867243	0.0612725844461901	0.0659858601728201	0.0695208169677926	0.0683424980361351	0.0632364493322859	0.0624509033778476	0.0659858601728201	0.0691280439905734	0.0663786331500393
0.063671875	0.071484375	0.065234375	0.06640625	0.07109375	0.058984375	0.062890625	0.06171875	0.070703125	0.0625	0.069140625	0.06484375	0.058984375	0.066796875	0.067578125	0.06484375	0.0625	0.069921875	0.06328125	0.063671875	0.06953125	0.0671875	0.06953125	0.062890625	0.06171875	0.0703125	0.066015625	0.063671875	0.062109375	0.066796875	0.066796875	0.064453125	0.065234375	0.06796875	0.057421875	0.062109375	0.06484375	0.056640625	0.065234375	0.0609375	0.063671875	0.061328125	0.066015625	0.069140625	0.068359375	0.062890625	0.0625	0.06640625	0.06875	0.06640625
0.0643618977565281	0.0717175432144171	0.0647296800294226	0.0654652445752115	0.0695108495770504	0.0595807282089003	0.0625229863920559	0.061787421846267	0.0695108495770504	0.0625229863920559	0.0691430673041559	0.0636263332107392	0.0566384700257448	0.0654652445752115	0.0687752850312615	0.065097462302317	0.0625229863920559	0.0687752850312615	0.0632585509378448	0.0632585509378448	0.0691430673041559	0.0665685913938948	0.0698786318499448	0.0636263332107392	0.0628907686649503	0.068407502758367	0.065097462302317	0.0625229863920559	0.0606840750275837	0.0673041559396837	0.0658330268481059	0.0639941154836337	0.0639941154836337	0.0662008091210004	0.0577418168444281	0.061787421846267	0.0643618977565281	0.0566384700257448	0.0662008091210004	0.0628907686649503	0.0628907686649503	0.0606840750275837	0.065097462302317	0.0680397204854726	0.0669363736667893	0.0643618977565281	0.0647296800294226	0.0669363736667893	0.0680397204854726	0.065097462302317
0.0638601498394577	0.0706386014983946	0.0638601498394577	0.065643952907599	0.0699250802711381	0.0592222618622904	0.0624331073849447	0.0620763467713164	0.0695683196575098	0.0620763467713164	0.0674277559757403	0.0635033892258295	0.0577952194077774	0.0652871922939707	0.068498037816625	0.0660007135212273	0.0620763467713164	0.0681412772029968	0.0635033892258295	0.0645736710667142	0.0681412772029968	0.0660007135212273	0.0688547984302533	0.0649304316803425	0.064216910453086	0.0681412772029968	0.0635033892258295	0.062789867998573	0.0613628255440599	0.0674277559757403	0.0652871922939707	0.0649304316803425	0.0635033892258295	0.0652871922939707	0.0581519800214056	0.0613628255440599	0.0635033892258295	0.0574384587941491	0.067070995362112	0.064216910453086	0.064216910453086	0.0592222618622904	0.0635033892258295	0.0677845165893685	0.0677845165893685	0.0649304316803425	0.0649304316803425	0.067070995362112	0.0681412772029968	0.0652871922939707
