"R"	"M"	"K"	"name"	"site"	"abn"	"block"	"bvalue"
"1"	0.0705477524158203	-0.0252888312037914	-0.0105117968287364	"ESCRE1328"	1329172	4	1	0.0929274821334105
"2"	0.0969917164590145	NA	NA	"topA"	1331601	13	1	0.0929274821334105
"3"	0.0832804531670768	NA	0.000794087000458535	"yfgA"	2563078	15	2	0.0728349106710418
"4"	0.0421283734751648	-0.00189136559144127	-0.0126010075663185	"IR2051"	2563751	7	2	0.0728349106710418
"5"	0.0721327351372253	-0.0615223195783089	-0.014925615675949	"ycbC"	990184	14	3	0.0719208742688502
"6"	0.0610865441813133	-0.030694664576027	0.00614772147870486	"IR770"	990520	1	3	0.0719208742688502
"7"	0.0618081790976988	NA	-0.00260702264346369	"serB"	4613975	3	4	0.0691444169965224
"8"	0.0580806555390998	NA	NA	"IR3710"	4614120	2	4	0.0691444169965224
"9"	0.0461491979522304	-0.0133372525131371	-0.00921367223089219	"radA"	4614158	10	4	0.0691444169965224
"10"	0.0677257528935806	0.0161616070272978	-0.00197176030539732	"IR3711"	4615528	1	4	0.0691444169965224
"11"	0.0707591997087865	-0.00550300095915503	-0.0190652130042064	"nadR"	4615530	20	4	0.0691444169965224
"12"	0.0661139229464686	0.00670949343075985	-0.00563884802698133	"IR1403"	1732855	8	5	0.0661139229464686
"13"	0.0627852907695572	0.00250324519954795	-0.00129188241494492	"pykF"	1733252	12	5	0.0661139229464686
"14"	0.0171621056134821	-0.00619108674068508	0.00197789021171054	"fnr"	1395961	10	6	0.0484526797748421
"15"	0.0588828711619621	-0.0422960084619706	-0.00634830663642934	"abgB"	1399030	3	6	0.0484526797748421
"16"	0.0476544276704247	-0.011401790301826	-0.0311004397876345	"fabR"	4140929	12	7	0.0481369601026705
"17"	0.0497774442485713	0.00593003546536167	-0.00649447304295882	"ybaL"	473987	10	8	0.0481282441279282
"18"	0.036852951547427	0.012433105415173	-0.0132711909103419	"IR375"	475328	2	8	0.0481282441279282
"19"	0.0154499477369068	0.00819489177985818	0.00234236123217353	"fsr"	476039	10	8	0.0481282441279282
"20"	0.0177608619165468	-0.00100909234334768	-0.00425126981032678	"ushA"	477983	9	8	0.0481282441279282
"21"	0.0343289905510306	-0.0197090105534435	NA	"IR935"	1195823	3	9	0.0437784691654531
"22"	0.0214961219964799	0.00391856055206042	NA	"rffG"	3934591	11	10	0.0404986083745961
"23"	0.0368927150145328	-0.0162502933071242	NA	"rffH"	3935416	6	10	0.0404986083745961
"24"	0.0456612256469936	-0.0159911842520029	NA	"rffC"	3936553	7	10	0.0404986083745961
"25"	0.0446791743683021	NA	NA	"rffA"	3936957	6	10	0.0404986083745961
"26"	0.0221815394865413	-0.0637117031631897	NA	"wzxE"	3938079	10	10	0.0404986083745961
"27"	0.0155855674461085	-0.0200221748799985	NA	"wzyE"	3941711	5	10	0.0404986083745961
"28"	0.0194590887248966	0.00999572752061675	0.0117113030226265	"rffM"	3942133	2	10	0.0404986083745961
"29"	0.034767504439947	-0.0100521190818833	-0.00911295167565359	"ybbO"	490699	8	11	0.0400628279487163
"30"	0.035290139014169	0.0171358381586808	-0.0456405633310692	"yacC"	139503	4	12	0.0394913658487917
"31"	0.039938840605162	-0.0134446712903738	0.00113178909064579	"IR101"	139727	5	12	0.0394913658487917
"32"	0.0159673190485954	-0.0241949126929014	0.0359099805718446	"IR2290"	2871193	6	13	0.0389773756366108
"33"	0.0369056213597675	0.00994487432923918	-0.00238733680148709	"galR"	2871230	14	13	0.0389773756366108
"34"	0.0312546365662653	-0.00950754848913409	0.00199308300529586	"ynfC"	1634265	8	14	0.0361358488292651
"35"	0.0211281380729098	0.0013519496568009	-0.00347446579339427	"yihG"	4024155	9	15	0.0352487652592209
"36"	0.0463319369479541	NA	NA	"IR3233"	4025168	2	15	0.0352487652592209
"37"	0.0209680600759752	-0.0189431084477222	-0.0117150359813387	"cyoE"	417711	12	16	0.0348696686543783
"38"	0.015007608929718	NA	-0.00476643251646336	"cyoD"	418421	8	16	0.0348696686543783
"39"	0.0337708246866027	-0.021759332138132	-0.00656539658571463	"cyoB"	419353	15	16	0.0348696686543783
"40"	0.0325508240163758	-0.0208539186845833	-0.0245925673512598	"cyoA"	421685	7	16	0.0348696686543783
"41"	0.0322446760204495	0.00611939966584656	-0.00940674835260771	"ptsP"	2860809	21	17	0.034085933236553
"42"	0.0265409342409121	0.00139936518134435	-0.0282140649338938	"IR2282"	2863056	1	17	0.034085933236553
"43"	0.0389027557456155	-0.0075951172899178	-0.00239357100929302	"ECB_03715"	3987097	2	18	0.0340019960236276
"44"	0.0192997168576637	-0.0103503253216545	0.000250798895212246	"ysgA"	3988490	4	18	0.0340019960236276
"45"	0.0233371691301109	-0.00825495660216857	0.00573938670536909	"yfaQ"	2275202	10	19	0.0337872532404982
"46"	0.0442373373508856	-0.000698490558905928	-0.00634733149189566	"ECB_02154"	2280390	28	19	0.0337872532404982
"47"	0.0154944203268461	0.00729228039523991	-0.00191809567709133	"yfaA"	2283016	11	19	0.0337872532404982
"48"	0.0349337072939312	0.000532251469263195	-0.0150782334108393	"hyaA"	1050154	5	20	0.0330847474967101
"49"	0.0275378681050466	NA	-0.014768176509018	"hyaD"	1052950	5	20	0.0330847474967101
"50"	0.0238872717954865	0.0188486900366695	-0.0110445336260627	"IR2562"	3198053	3	21	0.0326023856366381
"51"	0.0355074235836887	NA	NA	"IR2563"	3199093	4	21	0.0326023856366381
"52"	0.016571320354129	0.0103720818797241	-0.0188232000272907	"IR1471"	1810635	4	22	0.0319725227612
"53"	0.0294856437039384	-0.0184280556668156	-0.0148051039969475	"ynjA"	1812859	5	22	0.0319725227612
"54"	0.0344594018184616	0.00834693818399526	0.0122020465987423	"ynjB"	1814244	6	22	0.0319725227612
"55"	0.0235099726693983	-0.00775031019033937	-0.00467874054298123	"csgG"	1115443	5	23	0.0318216449640319
"56"	0.0302560589223556	NA	-0.00428604949567212	"csgE"	1117096	2	23	0.0318216449640319
"57"	0.0365184030890609	-0.0100796607821644	0.0256744744281053	"IR860"	1117813	6	23	0.0318216449640319
"58"	0.0190307823554955	-0.00835433577007617	-0.0166482123471719	"csgA"	1119408	7	23	0.0318216449640319
"59"	0.0355815990492369	-0.0144685766847838	NA	"yneG"	1579106	3	24	0.0307539814375861
"60"	0.0162711286026335	-0.00364266327716283	0.000332649252049312	"IR1261"	1580299	5	24	0.0307539814375861
"61"	0.0292678500830453	0.00145471793206516	-0.0132211308635364	"IR3546"	4423268	7	25	0.0302423920616976
"62"	0.0247905031672237	0.010468037548531	-0.00799845299680857	"ytfK"	4423498	2	25	0.0302423920616976
"63"	0.0262940223135714	0.0069993693567278	0.0110219338208764	"ygfX"	2926170	3	26	0.0297971070838485
"64"	0.029584214198117	-0.000769199743631352	-0.012548385001676	"atoD"	2270169	2	27	0.029584214198117
"65"	0.0172378408286655	-0.0105069376657747	0.00827485398042973	"atoA"	2271303	4	27	0.029584214198117
"66"	0.0238871412901494	-0.0221730794035115	-0.00577002647918441	"ccmG"	2242415	4	28	0.0292916525060181
"67"	0.0194761900945112	-0.00307793490028331	-0.00417266947839176	"ccmA"	2247111	4	28	0.0292916525060181
"68"	0.033475998115597	0.00027825893824797	-0.00630757580006804	"napA"	2250257	11	28	0.0292916525060181
"69"	0.0278968706361584	-3.39523314990004e-05	NA	"napD"	2252805	4	28	0.0292916525060181
"70"	0.0236005274498977	0.000348354300994635	-0.00197910857560261	"yafJ"	248948	11	29	0.0292573804472911
"71"	0.0351328395093911	0.0222288055207551	0.011825816239776	"yafK"	249637	4	29	0.0292573804472911
"72"	0.0330902385811813	-0.0230748054121297	-0.0125330284771653	"ESCRE1864"	1853508	4	30	0.029236524899803
"73"	0.0176753838556681	-0.0116692270858257	-0.0118979694687404	"IR1509"	1853974	6	30	0.029236524899803
"74"	0.0332750680168287	-0.0211789594637817	-0.00452375250963418	"IR2451"	3074055	2	31	0.0291206698205685
"75"	0.0243227633567235	-0.0087034873223755	0.0117185880882047	"hybO#1"	3080107	2	31	0.0291206698205685
"76"	0.018583105649411	0.00564509548416727	0.00247149559433578	"betA"	298309	12	32	0.0289723755879242
"77"	0.0324354655674286	0.00731133675727122	-0.000135237408843041	"betB"	300524	7	32	0.0289723755879242
"78"	0.0272030292012547	-0.00544253169415968	-0.00333619208984608	"blc#2"	4356014	7	33	0.0285606898691559
"79"	0.0170197055397897	-2.46433467313093e-05	-0.00168354276599123	"ampC"	4357012	8	33	0.0285606898691559
"80"	0.0299183505370572	-0.015044048114502	-0.00500758001924039	"frdD"	4357719	5	33	0.0285606898691559
"81"	0.0273408077363924	-0.0117644951539609	NA	"plsX"	1162200	6	34	0.028522698507734
"82"	0.0372483669159609	-0.055411729598646	-0.00293658946077742	"malI"	1676000	2	35	0.0283906391308033
"83"	0.0195329113456458	-0.00115632853198625	-0.00168876294041142	"malX"	1677605	8	35	0.0283906391308033
"84"	0.0166557315482662	-0.00709446237362621	0.00826180504518533	"malY"	1678890	9	35	0.0283906391308033
"85"	0.0244853097140002	0.00280223112222128	0.00289826006769469	"fumC"	1662399	9	36	0.0282386534832597
"86"	0.0294897680730128	-0.007297054459546	0.00237399451962639	"IR1348"	1665585	2	36	0.0282386534832597
"87"	0.0401426742471278	-0.00257181470343825	-0.00816875562551597	"gloB"	236959	8	37	0.0281899425074002
"88"	0.0199158680468803	-0.0291571768982529	-0.00333650560925266	"IR179"	237708	5	37	0.0281899425074002
"89"	0.0224682491045806	-0.0125790430594166	-0.00233434848531334	"yafS"	238033	7	37	0.0281899425074002
"90"	0.0257560785334104	0.00530582647423827	0.0102062581475376	"ygaZ"	2704647	7	38	0.0280093885310886
"91"	0.0284561856507984	0.0109031547554739	0.0112244308739646	"ygaH"	2705400	2	38	0.0280093885310886
"92"	0.0200579607797721	NA	NA	"mprA"	2705978	4	38	0.0280093885310886
"93"	0.0181292172828749	0.00240268819476958	-0.00481453943230068	"emrA"	2706826	8	38	0.0280093885310886
"94"	0.0212945023512836	-0.00857788148988632	0.0036410912375519	"IR2167"	2709015	8	38	0.0280093885310886
"95"	0.0216873738988846	NA	-0.0109944508603281	"yaeP"	216767	5	39	0.027623603880334
"96"	0.0158455586076181	-0.00696365583034902	-0.0418863657791076	"IR160"	217011	6	39	0.027623603880334
"97"	0.027623603880334	0.00765738736986306	-0.00203291605188989	"yaeQ"	217576	8	39	0.027623603880334
"98"	0.0239479235503018	-9.61794548676727e-05	-0.001157040919397	"dacC"	874008	17	40	0.0274762429505689
"99"	0.0316059287056599	-0.00522385900535199	-0.00763065536356925	"IR2478"	3106545	3	41	0.0274747048543027
"100"	0.0150810333002313	0.0182205412984299	0.00202748770702343	"mdaB"	3107201	6	41	0.0274747048543027
"101"	0.0195411445222027	-0.00489153511891847	0.0151209663941842	"IR478"	612567	3	42	0.0272182482137835
"102"	0.0297772827776438	-0.0229024439689522	-2.91796712606528e-05	"cstA#2"	613645	9	42	0.0272182482137835
"103"	0.0258818170774205	-0.00808722251778889	-0.00469526121118258	"yiiD#2"	4056187	8	43	0.0271049880851913
"104"	0.021920182265832	-0.0211281357200814	-0.0171794347384351	"IR340"	433438	5	44	0.0268813924147606
"105"	0.0318426025636892	-0.00318513651171301	-0.0419553699288734	"hupB"	433732	4	44	0.0268813924147606
"106"	0.0167746075174851	-0.0255446100198236	-0.00137829915008569	"IR341"	433822	4	44	0.0268813924147606
"107"	0.0246522162643635	-0.0576046314159107	-0.024566196985759	"relA"	2801294	14	45	0.0268512054828132
"108"	0.0294531800167803	-0.0263361409426913	-0.00351653606875413	"rumA"	2802628	26	45	0.0268512054828132
"109"	0.0268088038433923	-0.011006142800728	-0.001993982997667	"creA"	4623872	7	46	0.0268088038433923
"110"	0.0166028697393124	0.00499392041139935	-0.017279186001404	"creB"	4624737	12	46	0.0268088038433923
"111"	0.01932549394973	-0.00593840991076827	-0.0228185209113554	"ECB_01996"	2109180	4	47	0.0266357455607115
"112"	0.0325487681714115	0.0047142564363779	NA	"ECB_01997"	2109776	3	47	0.0266357455607115
"113"	0.0207227229500114	-0.0185998077991286	-0.0131287338583214	"ECB_01998"	2110163	4	47	0.0266357455607115
"114"	0.0250299921782915	0.00694911793243355	-0.0322378725918296	"IR3553"	4434176	2	48	0.0259184724126557
"115"	0.0290155323439553	-0.0271199831508442	-0.0134881948483501	"ECB_00732"	791952	7	49	0.0258156587404394
"116"	0.0162160379298917	0.000370118090307839	0.0282535288447401	"ECB_00733"	792683	5	49	0.0258156587404394
"117"	0.0169722980601278	0.00811789961048851	-0.0131120473277374	"insO"	4494529	5	50	0.025803706124165
"118"	0.0199464141782431	-0.0136577989798474	0.00491082461084368	"ESCRE4485"	4494670	4	50	0.025803706124165
"119"	0.031660998070087	0.0017051738134076	-0.00698126797323869	"IR3609"	4495551	3	50	0.025803706124165
"120"	0.0152005088250583	0.00246134325998765	-0.00315250431267019	"IR2433"	3048477	8	51	0.0257836141031128
"121"	0.0293113158624643	-0.00340238065136973	-0.00432236382995871	"glcE"	3052375	10	51	0.0257836141031128
"122"	0.0228278988750941	0.00420322568822959	-0.000427176158152508	"efeB"	1100714	9	52	0.0257207495105267
"123"	0.0266850330556709	0.0116091708466062	-0.0105558994963002	"phoH"	1101711	12	52	0.0257207495105267
"124"	0.0205176747787664	-0.0019374432401664	0.00169837624521227	"ulaB"	4399758	2	53	0.0254190847179761
"125"	0.027052888031046	-0.0188009911234561	-0.0121084098728805	"IR3527"	4402659	3	53	0.0254190847179761
"126"	0.0252518767904152	-0.0121609796591696	0.00177108793775886	"rnd"	1865472	9	54	0.0253712891333431
"127"	0.019569377947458	-0.00685058750547854	-0.0132857319552025	"fadD"	1866647	9	54	0.0253712891333431
"128"	0.0257295261621266	-0.00890924592692571	-0.0134045947425151	"yeaY"	1868959	4	54	0.0253712891333431
"129"	0.022885413033997	NA	NA	"ESCRE3311"	3329086	3	55	0.0253171925937171
"130"	0.0179190535757476	-0.0181843718929789	-0.00900406629370946	"fruR"	91676	10	56	0.0251638266998405
"131"	0.0275787510745381	0.00724256011655824	0.00506297675293879	"IR73"	92203	8	56	0.0251638266998405
"132"	0.022496107947733	0.0337633071115691	0.00917852935041859	"ydiA"	1764747	7	57	0.0251619191959125
"133"	0.0173751281830582	NA	-0.0198813251653539	"ECB_02510"	2679004	12	58	0.0250566770572994
"134"	0.0246356539238746	-0.00612413366079499	0.00631374109083848	"IR2144"	2682274	7	58	0.0250566770572994
"135"	0.0152094052902139	-0.00509661893654196	-0.00639780328769251	"bisC"	3644520	20	59	0.0249869135965441
"136"	0.0249869135965441	-0.0204665050216338	0.00325544253510245	"IR2925"	3646830	2	59	0.0249869135965441
"137"	0.0244467871491073	0.0005560450718471	-0.0226581403499161	"IR1335"	1648168	8	60	0.0249694711215171
"138"	0.0226440539586067	-0.0096683784941595	-0.00545473422500509	"mrp"	2144513	7	61	0.0249001511760184
"139"	0.0228372875775517	0.00091117915293433	-0.0191964913113599	"IR667"	852582	1	62	0.024885323918832
"140"	0.0248599300036639	-0.0170897250590935	-0.0209497630937121	"moeB"	857383	3	63	0.0248599300036639
"141"	0.0225653168559917	-0.00863422170834393	-0.00106431592652863	"moeA"	857981	6	63	0.0248599300036639
"142"	0.0188698999534236	0.00572035799896115	0.0098265881505227	"iaaA"	859910	5	63	0.0248599300036639
"143"	0.0179697028777321	-0.0395739561970238	-0.0129164232450293	"IR3416"	4254201	2	64	0.0246653904426598
"144"	0.0268972862976357	0.00283745144405578	0.00106507339523987	"yjcC#1"	4254611	10	64	0.0246653904426598
"145"	0.01726078512107	-0.0051303703723417	0.00323115477136967	"iap"	2771672	19	65	0.0245712994923959
"146"	0.0270081376161712	-0.0279323798696593	-0.043541960310624	"IR2218"	2772749	2	65	0.0245712994923959
"147"	0.0260635943470292	-0.00214764548003838	-0.0208666010619971	"yjjK"	4617069	11	66	0.0245031865512872
"148"	0.0198219631640613	-0.033146400877924	-0.0782371484706821	"IR3714"	4618751	2	66	0.0245031865512872
"149"	0.0228298570417857	-0.00690829808815307	-0.0043038299262005	"citG"	628694	8	67	0.0244630530616244
"150"	0.025007451734904	-0.00844248270617202	-0.00467776280298321	"citX"	629674	4	67	0.0244630530616244
"151"	0.0216523997162786	-0.00428889828670297	-0.0111800043005344	"yagR"	269377	11	68	0.0243179017094323
"152"	0.0301690544113347	-0.00520167295658813	-0.146262615444784	"flgM"	1144665	4	69	0.0242736526715328
"153"	0.0159896869490169	-0.0194230255186836	0.0103484872581031	"flgB"	1145850	8	69	0.0242736526715328
"154"	0.0251996381264324	-0.0301560953395686	-0.0091641550954268	"flgC"	1146194	6	69	0.0242736526715328
"155"	0.0211511381251973	0.00293318659901835	0.00147119810478119	"flgD"	1146662	4	69	0.0242736526715328
"156"	0.0214956963068339	-0.00405148021447841	-0.00357079646119044	"flgK"	1154323	7	69	0.0242736526715328
"157"	0.0170620105550574	-0.00917060596299029	-0.0142612610662646	"flgL"	1154626	10	69	0.0242736526715328
"158"	0.0241101706183216	0.000703656773235266	0.0069949013316526	"IR3492"	4364121	4	70	0.0241101706183216
"159"	0.0221063337164254	0.000152078993009013	0.000839274421972244	"yjeP"	4364890	13	70	0.0241101706183216
"160"	0.0174572810631612	-5.68497582385432e-05	-0.012754976290618	"ydcK"	1469785	10	71	0.0238963197145136
"161"	0.0238963197145136	-0.0089005139312318	0.0107961886262005	"IR1179"	1470582	3	71	0.0238963197145136
"162"	0.0235538327941691	-0.00239065022545647	-0.0017203263642694	"ypdD"	2436224	10	72	0.0237703399073271
"163"	0.0193256560930052	NA	NA	"IR1951"	2438724	2	72	0.0237703399073271
"164"	0.0239868470204852	-0.054995024161148	0.00263772674022096	"ypdF"	2439775	7	72	0.0237703399073271
"165"	0.0205081544048937	-0.00459303326488529	-0.0112259272685483	"dadX"	1239069	11	73	0.0237534916635432
"166"	0.0244197186781099	0.0112453711614129	-0.0102732990334716	"IR982"	1240173	2	73	0.0237534916635432
"167"	0.0183026148144407	0.00723795786682436	-0.00353853570735459	"yjjI"	4604750	17	74	0.0237227907731117
"168"	0.0263866666941229	2.35704235103906e-05	-0.0239593817163313	"IR3703"	4607379	2	74	0.0237227907731117
"169"	0.0224832878507426	-0.0475667644642506	-0.0271510395128112	"ybfE"	693765	4	75	0.0236538411147769
"170"	0.0164378349869088	-0.0194838467865491	-0.0047731204655171	"nanK"	3297412	7	76	0.0236160773791984
"171"	0.0260088248432949	-0.00383516274594118	-0.000924605816492462	"IR2647"	3298936	3	76	0.0236160773791984
"172"	0.0171757760408857	-0.00611392938433662	-0.0385887030502214	"IR3612"	4503530	4	77	0.0233882339751391
"173"	0.0254590532865569	0.0240579710940608	0.0228883055689803	"insA#11"	4503691	2	77	0.0233882339751391
"174"	0.0186508819305376	0.00433148281987165	-0.016473429541609	"IR821"	1067692	2	78	0.0233755011188089
"175"	0.0233755011188089	-0.00379084625062615	-0.0163887371742092	"ESCRE1056"	1067962	3	78	0.0233755011188089
"176"	0.0245784345514164	0.00155861896399128	0.00536295199982175	"IR3388"	4225611	4	79	0.0233357024721983
"177"	0.0186416906280428	-0.00164036883983911	-0.00804253465787227	"malK"	4226176	5	79	0.0233357024721983
"178"	0.0252036752810512	NA	NA	"fepD"	603913	7	80	0.0233263609090964
"179"	0.0195383671532428	-0.0222173268555089	-0.0262477145885077	"ybdA"	606092	3	80	0.0233263609090964
"180"	0.0160313022014011	-0.0154455562474367	NA	"fepB"	606859	6	80	0.0233263609090964
"181"	0.0158674814712396	0.00482218076718998	-0.00549767405563841	"IR379"	480149	3	81	0.0232518957311436
"182"	0.0280766833427686	NA	-0.000851965973855934	"ybaQ"	480400	4	81	0.0232518957311436
"183"	0.0184271081195186	-0.0186180626877574	0.00708078512527574	"IR380"	481018	3	81	0.0232518957311436
"184"	0.0166962349196889	0.00518665723374181	0.000655550085711564	"ydiO"	1754933	12	82	0.0229487281438503
"185"	0.0247235219580953	0.00211503696530357	-0.00339519563983256	"ydiP"	1756280	9	82	0.0229487281438503
"186"	0.0211739343296054	-0.00538647731659055	0.00319068134419473	"ydiR"	1758047	8	82	0.0229487281438503
"187"	0.0202882759952879	0.00464727856894172	-0.0083209506138424	"ESCRE1834"	1826025	3	83	0.022912240013443
"188"	0.0175407933987563	-0.00427371559183583	0.00925976141076484	"sppA"	1826454	26	83	0.022912240013443
"189"	0.0230437606383422	-0.00388044540561069	0.0111480674094299	"IR1485"	1828002	3	83	0.022912240013443
"190"	0.0198274249326296	-0.0112133427028642	0.0103027219576667	"torR"	1073841	6	84	0.0227821224247823
"191"	0.0229371662171985	-0.00782301391371892	-0.0400573123758954	"torC"	1075346	7	84	0.0227821224247823
"192"	0.0226270786323661	NA	NA	"IR826"	1078799	4	84	0.0227821224247823
"193"	0.0249547641862997	0.00720149616616265	-0.0236019675010861	"ESCRE2779"	2774318	4	85	0.0227497633702148
"194"	0.01613476092196	-0.0361016528276222	-0.000815675963399272	"IR2220"	2774395	5	85	0.0227497633702148
"195"	0.0238741859034413	-0.0210296249540435	0.000778767405789346	"hcaC"	2591712	2	86	0.0227369466505883
"196"	0.0193252288920292	-0.00470616184837589	-0.000181516616759057	"yphA"	2594301	6	86	0.0227369466505883
"197"	0.0209362668418158	0.00202670114106834	1.3496207656877e-05	"mppA"	1391597	10	87	0.0227145150540486
"198"	0.0167732825913139	0.00169275972864305	0.00731084224625124	"yjiZ"	4583434	7	88	0.0226913594378759
"199"	0.0226913594378759	0.00861096896053229	-0.00142473316680363	"yjjM#1"	4584300	5	88	0.0226913594378759
"200"	0.0223462000699997	-0.009706973862111	-0.0064424360649513	"ynfH"	1640836	8	89	0.0226249145730355
"201"	0.0201009023630158	-0.000955223682605982	-0.0149402278043558	"IR1331"	1642324	2	89	0.0226249145730355
"202"	0.0237630725793559	-0.0111901806390737	-0.0398593264092819	"IR2944"	3670112	6	90	0.0225635027832869
"203"	0.0195430067477885	0.00576227906627734	0.0031436120399499	"avtA"	3670208	12	90	0.0225635027832869
"204"	0.0164524015826308	-0.0149626850614391	0.0212678907301468	"hycH"	2738071	4	91	0.0225375715005122
"205"	0.0225375715005122	-0.0074994387309231	0.00146825588074558	"hycE"	2739992	6	91	0.0225375715005122
"206"	0.0205307787439671	0.0123607769488034	-0.00735212856223209	"fadA"	4006234	7	92	0.0224935730591521
"207"	0.0223137981686336	0.00324928677688404	0.000745408320028208	"degQ"	3308672	6	93	0.0224269238582116
"208"	0.0214175296435579	-0.0214782183934141	-0.0145649085965151	"IR2855"	3544267	1	94	0.022422581855672
"209"	0.0152676298879051	-0.00826142095907604	-0.0108103992091552	"nikA"	3545624	8	94	0.022422581855672
"210"	0.0187101696962942	0.00602695699509644	-0.000639662888969425	"nikD"	3548185	6	94	0.022422581855672
"211"	0.0260612913895491	-0.00822268725242017	0.00111350526954882	"nikE"	3548471	6	94	0.022422581855672
"212"	0.022422581855672	-0.00788472467225424	NA	"IR2857"	3549721	6	94	0.022422581855672
"213"	0.0246246545749283	-0.0103641882824826	-0.0045794990280011	"IR2825"	3509120	2	95	0.0224021587786104
"214"	0.0157346713896567	-0.018864797727257	-0.00555748386865672	"gntR"	3509795	12	95	0.0224021587786104
"215"	0.0245863351088802	-0.0239473127688557	-0.0472332756307958	"cchA"	2493123	3	96	0.022259758401894
"216"	0.0152800282809355	0.0211854824695861	-0.00355119777035856	"eutI"	2493336	4	96	0.022259758401894
"217"	0.0243236421562166	0.00300239823152661	0.00278845772961168	"IR726"	926012	4	97	0.0221796066355485
"218"	0.0192124593373775	-0.0109879731133324	-0.0105502703642687	"poxB"	926825	5	97	0.0221796066355485
"219"	0.0165590271140807	-0.00352513626004392	-0.0128088204211593	"hcr"	927890	11	97	0.0221796066355485
"220"	0.019668693748372	-0.00376501401230218	-0.0206655525354951	"pepN"	1009839	14	98	0.0221560020645072
"221"	0.0221560020645072	-0.0064537060841877	NA	"ssuC"	1011157	5	98	0.0221560020645072
"222"	0.0196697745736463	-0.000774714674029512	-0.0126642728323796	"hsdM"	4560140	6	99	0.0221397683794773
"223"	0.016114508992735	0.00139262227057924	-0.00505152411371285	"hsdR"	4563394	24	99	0.0221397683794773
"224"	0.0236512021945969	0.0179815017409816	-0.0168942368589123	"IR3663"	4564902	4	99	0.0221397683794773
"225"	0.0200827684329603	0.000647774842962985	0.00202458653762781	"fruA"	2211941	9	100	0.0220324088199709
"226"	0.0206396284819922	0.0028626962271803	0.015116312963058	"fruB"	2213554	10	100	0.0220324088199709
"227"	0.0259262183601703	0.00861468029331167	-0.00929723812329691	"clpA"	941827	9	101	0.0220060392288883
"228"	0.0176764729328252	-0.0172618503322695	-0.00282881510276438	"IR737"	942360	5	101	0.0220060392288883
"229"	0.0200118986925957	-0.0269668863897491	-0.00710164716522175	"ESCRE4536"	4537845	2	102	0.0219295041141238
"230"	0.0203826106219385	-0.0102942666595945	-0.00531164310406159	"yjiE"	4538848	6	102	0.0219295041141238
"231"	0.0234763976063091	-0.00463498220010536	-0.00695226003097253	"iadA"	4539269	7	102	0.0219295041141238
"232"	0.0256494215417144	-0.00180669561143066	-0.00846783964083066	"ECB_04224"	4572988	5	103	0.0219082537632898
"233"	0.0158574911883398	0.00875956338360785	-0.00807437321084016	"hpaH"	4575190	6	103	0.0219082537632898
"234"	0.0181670859848652	-0.000198915684895949	0.00973072333587326	"hpaE"	4577898	12	103	0.0219082537632898
"235"	0.0157393912920684	0.0103808163707653	-0.0201078651854246	"ECB_04240"	4590861	4	104	0.0218612047435107
"236"	0.0201691837254534	0.0028940792565027	-0.00839308644700795	"yjjP"	4591483	3	104	0.0218612047435107
"237"	0.023553225761568	-0.0183515698722719	-0.00782916222182716	"IR3687"	4592246	3	104	0.0218612047435107
"238"	0.0172407324879454	-0.0143629568982697	0.00741436997265243	"kpsT"	3027443	6	105	0.0217855881826118
"239"	0.0167762303945497	-0.00193288901392803	0.0106296525124391	"kpsM"	3028200	8	105	0.0217855881826118
"240"	0.0201164318728061	-0.0311761152119733	0.00433764901506281	"yghE"	3030061	9	105	0.0217855881826118
"241"	0.0234547444924174	-0.0199841575032209	-0.00511544310986028	"ECB_02832"	3032215	6	105	0.0217855881826118
"242"	0.0224236950679381	0.00359456704752208	0.000826502677424798	"ECB_02834"	3033402	2	105	0.0217855881826118
"243"	0.0237673590556979	-0.00168806281007806	-0.0115675682678335	"ECB_01471"	1570080	12	106	0.0217353516837979
"244"	0.0156393295680979	-0.000448593195652257	-0.00978216436906066	"IR1252"	1570704	4	106	0.0217353516837979
"245"	0.017756317345713	-0.0194523747525739	-0.0111936539467161	"ymbA"	1032520	3	107	0.0216566179492694
"246"	0.0242776476437523	-0.0155988603319977	0.00251840431899586	"IR793"	1032756	3	107	0.0216566179492694
"247"	0.0190355882547864	-0.00361227471339725	NA	"rmf"	1032960	3	107	0.0216566179492694
"248"	0.0203831558219646	-0.0104651552716946	-0.0046528793757325	"nlpB"	2518962	6	108	0.0216559807916342
"249"	0.022371672958434	-0.00591522898055934	-0.0194398816168125	"IR2296"	2878956	2	109	0.0216349948833413
"250"	0.0194249606580632	-0.0118082751352908	0.018951008985091	"yqeF"	2879033	4	109	0.0216349948833413
"251"	0.0235135031656665	-0.00916920799408654	0.000965937968948392	"IR187"	244899	3	110	0.0215665735670086
"252"	0.015725784771035	0.00349029347977154	0.0050149052405821	"ivy"	245010	11	110	0.0215665735670086
"253"	0.0196627087058632	0.0244816879849839	0.0102811806361914	"adiY"	4315911	8	111	0.0215154346276482
"254"	0.0221330099349098	0.00199463546725924	0.00958412565984117	"adiA"	4316985	21	111	0.0215154346276482
"255"	0.0179063427289139	0.0158968577635553	0.00766252325691612	"eutC"	2483972	7	112	0.0212117208299178
"256"	0.0266979511769164	0.000102526323121118	-0.0136887850438203	"eutA"	2486505	6	112	0.0212117208299178
"257"	0.0172807139322483	-0.00516366797890606	0.00218086432897639	"eutG"	2489662	8	112	0.0212117208299178
"258"	0.0193829773809183	0.00764182822959758	-0.00570508640264907	"eutE"	2491743	10	112	0.0212117208299178
"259"	0.0160329413314267	-0.00427403732729192	0.00895224001947044	"IR3430"	4278233	4	113	0.0211794352090787
"260"	0.0155964979503692	0.00362286466527158	-0.00310920634600836	"yjcQ"	4281128	17	113	0.0211794352090787
"261"	0.0263259290867306	0.0059142507896327	0.00201209103207039	"yjcR"	4281917	8	113	0.0211794352090787
"262"	0.0229230754499106	-0.00388013528518456	-0.0123250497844096	"IR123"	164917	3	114	0.0210084718072024
"263"	0.0152646608790778	0.0104333356135126	0.000749365323728185	"hrpB"	165514	12	114	0.0210084718072024
"264"	0.0195256688412783	0.00172392125362269	0.00680462505018452	"yeeO"	1996538	20	115	0.0209222755586247
"265"	0.0180366948089633	0.00143579040470483	0.00103690889732282	"ptr"	2850832	17	116	0.0207927748824899
"266"	0.0196290861248586	0.000950565323253378	0.0118621726072729	"IR2277"	2853610	4	116	0.0207927748824899
"267"	0.0242778399342667	NA	-0.0112609845392183	"ygdB"	2857383	2	116	0.0207927748824899
"268"	0.0207156035177755	0.0178972802708386	0.00210584546298829	"yfbH"	2316749	6	117	0.0207399274544959
"269"	0.0174757637974468	-0.00154760458126949	-0.00155088838565931	"yahO"	319370	8	118	0.0207189306571641
"270"	0.0188089531982397	0.010121562854243	-0.0175333524524831	"prpR"	319549	13	118	0.0207189306571641
"271"	0.0226289081160886	-0.00172929003605819	0.00263426976529311	"prpC"	323655	6	118	0.0207189306571641
"272"	0.020200462236166	-0.041593707784388	-0.0144671766229499	"IR3508"	4384188	3	119	0.0206928958879447
"273"	0.0206314409400963	-0.00671340848342155	-0.00288791767196877	"pmrD"	2319808	4	120	0.0206314409400963
"274"	0.0174706018714033	-0.00342082084265152	-0.00718253539483086	"menE"	2320162	7	120	0.0206314409400963
"275"	0.0170469597576191	NA	0.0107417649053594	"menC"	2321729	8	120	0.0206314409400963
"276"	0.0246442223351349	-0.0223003093817483	0.00687709928144105	"menB"	2322476	4	120	0.0206314409400963
"277"	0.0152878795840322	0.00118225132723205	0.000791763989685825	"elaB"	2327434	2	120	0.0206314409400963
"278"	0.0401764362920077	-0.00941597360983744	-0.00773071998224853	"IR633"	805984	2	121	0.0205481487659897
"279"	0.0183020109078638	-0.0140335975442709	0.00457854033634717	"uvrB"	807439	11	121	0.0205481487659897
"280"	0.0196594285984364	-0.00428544309552657	0.00176401490272005	"ybhK"	808549	8	121	0.0205481487659897
"281"	0.0174336393002616	0.0135568997511479	0.00189986290241164	"IR635"	809275	8	121	0.0205481487659897
"282"	0.0201929772095791	-0.00906753752151242	-0.0188264253633819	"moaB"	810691	10	121	0.0205481487659897
"283"	0.01556791615042	0.0102186848165639	-0.00285995199886444	"moaC"	811603	4	121	0.0205481487659897
"284"	0.0154719849890492	-0.0156622594084015	0.00139965112139222	"ybhL"	813083	5	121	0.0205481487659897
"285"	0.0212862808197771	0.0189783470590985	0.00104725533842938	"yhfS#2"	3434253	3	122	0.0204981378624959
"286"	0.0181337089906522	-0.00564439527178052	-0.00214593922846749	"yhfW"	3437272	5	122	0.0204981378624959
"287"	0.0200156169229566	0.00679069032204747	0.006431705201146	"tyrP"	1967932	8	123	0.0200677489963252
"288"	0.0153356896880187	-0.00480129866742733	-0.00668574876648875	"yjbC"	4209286	7	124	0.0200572296643365
"289"	0.0154742561173464	-0.00969959544278892	-0.0209154589242504	"yjbD"	4210313	3	124	0.0200572296643365
"290"	0.0189543688903003	0.00878714642392084	-0.0109313341664352	"lysC"	4212012	13	124	0.0200572296643365
"291"	0.0204248499223485	0.0163722988566613	-0.00795411880472217	"IR3378"	4212166	5	124	0.0200572296643365
"292"	0.0307643705229732	NA	NA	"ECB_misc_RNA_54"	4212424	2	124	0.0200572296643365
"293"	0.0159047522131943	-0.00952592000855027	-0.00964408031198239	"ybgJ"	724814	4	125	0.0199717406889438
"294"	0.0213274035141936	-0.00595919929058978	0.00174154830303487	"abrB"	728011	5	125	0.0199717406889438
"295"	0.0192966828017145	0.00816249000605007	0.00715951287854671	"yfiH"	2655737	7	126	0.0199394861251208
"296"	0.0181442399254664	0.00233257213280573	NA	"IR2404"	3011222	4	127	0.0199000698942539
"297"	0.0187913861358306	0.00129537376614411	-0.0574348800544428	"ESCRE2996"	3011488	4	127	0.0199000698942539
"298"	0.0210087536526773	-0.000882439813934513	-0.0460526528632206	"IR2405"	3011696	2	127	0.0199000698942539
"299"	0.0193620443993378	0.00121708989816687	0.000858321801138235	"yqjH"	3148878	5	128	0.0198366555031698
"300"	0.0155191582265792	-0.0164333100295413	-0.0127593260331864	"IR2918"	3636341	2	129	0.0198108697516365
"301"	0.0212414402599889	0.0140073189392659	-0.00176746169482377	"dppA"	3637595	9	129	0.0198108697516365
"302"	0.0174735967712314	0.00809775797920936	-0.046260785999386	"kpsE"	3014118	9	130	0.0197480831789064
"303"	0.0211459145017725	0.00343858737152096	NA	"kpsD"	3014917	30	130	0.0197480831789064
"304"	0.0183378080043897	-0.00224313160802132	-0.00689310780661342	"entF"	596880	24	131	0.0197452428900496
"305"	0.0184290974288547	-0.00473327760377463	-0.0176542765331209	"IR2893"	3598951	4	132	0.0196317690119616
"306"	0.0182215922187336	-0.0145966864925507	-0.0862426840371459	"IR451"	571476	2	133	0.0196116544491528
"307"	0.0200750085259592	0.00130390645350614	NA	"ECB_00529"	571604	13	133	0.0196116544491528
"308"	0.0180276069994467	-0.0048929957018558	-0.00314282997678715	"fucU"	2833685	6	134	0.0195302920369997
"309"	0.023523271858538	0.00913824083385083	-0.00824047391338405	"ECB_02012"	2121948	2	135	0.0195046871185754
"310"	0.0170456434632376	0.00998933386504569	-0.0947381344501747	"ECB_02013"	2122462	2	135	0.0195046871185754
"311"	0.016990817235725	0.0208603334163739	-0.008930412106535	"yegS"	2123409	6	135	0.0195046871185754
"312"	0.0163341372972111	-0.000274982467353919	-0.0146053133637617	"ESCRE0287"	293995	3	136	0.0194976841764393
"313"	0.0205521998028487	-0.00249491225117766	-0.00287383385983727	"IR227"	294150	2	136	0.0194976841764393
"314"	0.0241484009251893	-0.00311591269255748	0.0194661094457988	"IR2752"	3404506	2	137	0.0194593828261517
"315"	0.0175775338363057	0.00387094009656197	NA	"fkpA"	3404866	7	137	0.0194593828261517
"316"	0.0174953567277606	0.0270625371797481	-0.00465000964340311	"IR2753"	3405330	6	137	0.0194593828261517
"317"	0.0194593828261517	NA	-0.0328217802887928	"slyX"	3405555	2	137	0.0194593828261517
"318"	0.0209059006521678	-0.02054026097829	-0.0315080047827286	"yhhJ"	3556537	4	138	0.0194407689638399
"319"	0.015045373898856	-0.00566219998031918	-0.0135928600507115	"yhiI"	3560453	7	138	0.0194407689638399
"320"	0.0185558503181376	0.0114920131260431	-0.00161824798730384	"hpaB"	4570503	14	139	0.0194396332033732
"321"	0.0157235033528993	0.00476822520264286	0.00190352629831738	"hyfE"	2527099	8	140	0.0193833513653707
"322"	0.0194974768823545	-0.0266238841181695	-0.015697343487162	"hyfH"	2531109	4	140	0.0193833513653707
"323"	0.0162306102011256	-0.00792503884501835	-0.000616084084961823	"IR2796"	3461152	5	141	0.0193810444178489
"324"	0.0188195571076733	0.00361587739481847	0.0121516178421682	"pck"	3462162	10	141	0.0193810444178489
"325"	0.0151468136551554	-0.00964021336727277	0.00601331670337618	"ybhS"	818842	8	142	0.0193555634666797
"326"	0.0207584800705212	0.00205125483404175	-0.0234525732617192	"ybiH"	822600	3	142	0.0193555634666797
"327"	0.0157346585930696	-0.000839053152219535	0.000579704375327725	"gldA"	4118986	11	143	0.019147452615139
"328"	0.0209328705428597	0.00229780968448197	-0.00393882062758484	"fsaB"	4119156	10	143	0.019147452615139
"329"	0.0177159427038768	-0.00617946213019138	0.00595171140831515	"frwC"	4123528	7	143	0.019147452615139
"330"	0.0188921599915076	NA	-0.0203188342699183	"IR3313"	4124057	2	143	0.019147452615139
"331"	0.017456243707314	NA	-0.00584745379928144	"pflC"	4126397	7	143	0.019147452615139
"332"	0.0159602980101522	0.00463938766271245	-0.00131979250815532	"yijO"	4127915	6	143	0.019147452615139
"333"	0.0190544409322342	-0.00821326014797757	-0.00305420478609585	"yecD"	1929870	2	144	0.019056696796926
"334"	0.019006070552873	-0.0224476266357327	-0.00456879959780447	"IR1193"	1487116	10	145	0.0189466181932987
"335"	0.0187682611145756	-0.0273696722369909	-0.0173129309090126	"ESCRE1491"	1487708	2	145	0.0189466181932987
"336"	0.0176460461859818	-0.00578848953484104	0.00469957290085214	"yghT"	3068406	4	146	0.0189208779659462
"337"	0.0192484953645036	-0.0273762906913888	-0.00867360714934355	"IR1592"	1944982	4	147	0.018824967997525
"338"	0.0184014406305464	-0.010529299822625	NA	"cheY"	1946021	4	147	0.018824967997525
"339"	0.0161128624117541	-0.0026561493152703	-0.005848412977958	"cheB"	1946227	5	147	0.018824967997525
"340"	0.0164826048159088	-0.00318335561169408	-0.00232511213976863	"kefB"	3407466	20	148	0.018722633626968
"341"	0.0186042946589552	-0.00848537674272241	7.71615747850338e-05	"kefG"	3408742	6	148	0.018722633626968
"342"	0.0229960454505274	0.0044089716735731	-0.0147855425845036	"IR2757"	3409093	4	148	0.018722633626968
"343"	0.0166264778854382	-0.00178701324399124	0.00469399518830295	"yheT"	3411319	7	148	0.018722633626968
"344"	0.0183447717239664	-0.0101081392365396	NA	"ECB_00491"	539703	4	149	0.0186867160319552
"345"	0.0188006974679515	-0.0944085682258091	NA	"IR426"	539876	2	149	0.0186867160319552
"346"	0.0180047109814464	0.00553004337743561	-0.00636240524409135	"metL"	4109986	16	150	0.0186313556982137
"347"	0.0187803056596514	0.0144448152991384	0.00239530988471548	"yigM"	3976288	6	151	0.0185860698724172
"348"	0.0180033625107145	0.0121373164599585	0.00222489495108514	"metR"	3976290	5	151	0.0185860698724172
"349"	0.0186360504262552	0.000523735918704232	0.000955794367895994	"yiaN"	3675523	13	152	0.0185442600780479
"350"	0.0182688890334259	0.0025951707271648	0.00110717471976602	"lyxK"	3678241	10	152	0.0185442600780479
"351"	0.0195774551888247	0.00430291163869153	-0.00861145521462054	"dmsC"	961311	7	153	0.0185019848264853
"352"	0.0152755737394669	-0.0152766091735259	-0.0127424119829766	"ycaC"	962025	8	153	0.0185019848264853
"353"	0.0175327823212139	0.00328877926573058	-0.00250404391310347	"zraR"	4182916	9	154	0.018335730356349
"354"	0.0175114293791196	-0.00441713263706226	0.00522975881978907	"clcA"	177960	15	155	0.0183061385716937
"355"	0.0180000831014121	0.0035454554006343	0.000127807202808948	"fhuE"	1173943	21	156	0.0182470953786586
"356"	0.0184941076559051	-0.0201280626918355	-0.0376343900894715	"IR918"	1176389	7	156	0.0182470953786586
"357"	0.0158623919319961	-0.00114623787677393	-0.00527797982141887	"nagZ"	1179487	9	156	0.0182470953786586
"358"	0.0190285206734053	0.00537186291231976	-0.0022162538479882	"IR1648"	2007028	10	157	0.0181779306150332
"359"	0.0156261604399169	-0.0298325715104597	-0.122094593683398	"ECB_01907"	2007938	7	157	0.0181779306150332
"360"	0.0168135430150724	-0.00359553325970171	NA	"vioA"	2040768	7	158	0.0181658913797677
"361"	0.0186288473266102	NA	NA	"rmlC"	2043064	6	158	0.0181658913797677
"362"	0.0181650285008984	-0.0338589923439957	-0.0548951680526008	"IR2393"	2998629	4	159	0.0181650285008984
"363"	0.0259741760294822	-0.0219318334646172	NA	"ECB_02799"	2998894	1	159	0.0181650285008984
"364"	0.0176610108847233	0.000565314633393885	-0.0438763239841659	"ECB_02800"	3001924	22	159	0.0181650285008984
"365"	0.0181258069194449	-0.000807072402355908	-0.0306299639768651	"ECB_02801"	3003047	9	159	0.0181650285008984
"366"	0.0150309496132015	-0.000949793768647623	0.00125186623483344	"yhbX"	3256562	17	160	0.0181245735426969
"367"	0.0191557815191953	-0.0561195397683305	0.015103924693176	"IR2611"	3257228	4	160	0.0181245735426969
"368"	0.0184634758578056	-0.00389572311475482	-0.0175421974937887	"IR2982"	3725307	2	161	0.0180498422447529
"369"	0.0168089414055949	-0.0577079787385174	0.0129947561407898	"yibN"	3725646	6	161	0.0180498422447529
"370"	0.0183755855764104	0.00451786238740721	7.1183866461448e-05	"aldB"	3689666	16	162	0.0179354522787283
"371"	0.0166150523856819	-0.00435427844729424	0.00170826210921166	"yiaY"	3691913	9	162	0.0179354522787283
"372"	0.0170629428886024	0.00295954637175527	-0.00054982180985741	"yijE"	4116274	12	163	0.0179215655508063
"373"	0.0181188532564888	-0.000346540344713232	-0.0107523388915751	"yajR"	414280	14	164	0.0178224866849802
"374"	0.0169333869704542	-0.0141596944360928	0.00261395991078585	"IR327"	415099	6	164	0.0178224866849802
"375"	0.017645719611068	-0.00861964933016293	-0.00726360072987496	"yjjU"	4602076	16	165	0.017815711836891
"376"	0.0153802319888452	0.000143958393108779	-0.00762391901882645	"puuC"	1361472	6	166	0.0177994618052879
"377"	0.0186058717441021	0.00388357610829566	0.00663969377744902	"puuB"	1362611	8	166	0.0177994618052879
"378"	0.0154687392160579	-0.0152764597221959	NA	"ESCRE1785"	1780153	4	167	0.0177958406329295
"379"	0.0185715411052201	0.00547051655080356	0.0130510201253121	"ECB_01689#1"	1780394	6	167	0.0177958406329295
"380"	0.0174879830742185	0.0081839274510454	0.00063552391944547	"murP"	2476045	13	168	0.0176406319926739
"381"	0.0182771009441173	0.00125359609741663	-0.0172579466439741	"ydcR"	1480968	8	169	0.0175183358985073
"382"	0.0152420407616772	-0.000486609102347982	-0.0104308622693213	"ydcV"	1485540	11	169	0.0175183358985073
"383"	0.0178112171260192	-0.000784709134790593	-0.0205535404908191	"yjeS"	4371822	4	170	0.0174353096639557
"384"	0.0163075872777654	-0.00289307507725963	-0.0125821340096497	"hflK"	4381003	9	170	0.0174353096639557
"385"	0.0181295103135007	-0.0030107891936725	-0.00110251896811322	"yccM"	1068798	13	171	0.0173653686118338
"386"	0.0158366054207935	0.0035095672929272	-0.00852020238614829	"torS"	1069785	20	171	0.0173653686118338
"387"	0.0154685170270156	-0.00135899052908085	0.00319537378923724	"ybiB"	828339	4	172	0.0172863411769283
"388"	0.0172863411769283	0.00625026102616285	-0.00132239184785063	"ybiC"	830013	3	172	0.0172863411769283
"389"	0.0176808776966435	-0.013670399127025	-0.0135333647468245	"IR649"	830099	5	172	0.0172863411769283
"390"	0.0168869919583182	-0.00891056356130851	-0.00042103322944814	"ybiJ"	830293	7	172	0.0172863411769283
"391"	0.0150286252472369	-0.00215516359007097	-0.0194970338290529	"IR497"	637136	6	173	0.017224731898834
"392"	0.0179567674493664	-0.00173655598660163	0.00089636245196116	"dcuC"	637172	17	173	0.017224731898834
"393"	0.0150856777381048	-0.00481190797996749	-0.00881989766365207	"glpC"	2302475	7	174	0.0170995673866083
"394"	0.0177708639361095	-0.00731043283732283	-0.0135858998406049	"IR1848"	2303575	3	174	0.0170995673866083
"395"	0.0168390438869305	-0.0455604970875415	0.0125233371238379	"rbsC"	3897315	6	175	0.016916098250525
"396"	0.0169417830383899	0.0075067703621409	-0.0107071597072917	"rbsB"	3898192	7	175	0.016916098250525
"397"	0.0162018473270791	0.00775184990313691	-0.00869416739090369	"ybbS"	503896	10	176	0.0168849941498986
"398"	0.0168849941498986	0.00381848774740145	NA	"allA"	504630	7	176	0.0168849941498986
"399"	0.0164201347218855	-0.0046020282103172	0.0146491382404438	"argT"	2371092	4	177	0.0168376620710646
"400"	0.0162501590846353	0.00404396097008171	-0.000598555030108042	"ygdH"	2815242	18	178	0.0166696965508244
"401"	0.0150927760562098	-0.00855585815743225	0.00131472878818383	"chbF"	1794688	18	179	0.0166418707868538
"402"	0.0171582356970685	-0.00519398709198713	NA	"IR1465"	1799000	3	179	0.0166418707868538
"403"	0.0165168731208701	-0.00929891694990351	0.000118835376401925	"yfaU"	2305240	10	180	0.0165168731208701
"404"	0.0160248192705414	-0.00704056032817933	0.00975998293820354	"yfaW"	2307789	4	180	0.0165168731208701
"405"	0.0161267439981342	0.0121276969439533	-0.000650495206353177	"yfaY"	2308953	5	180	0.0165168731208701
"406"	0.0161777196045659	-0.00186463262348917	0.0115722624880182	"IR2986"	3730964	4	181	0.0163733257152829
"407"	0.0164385277521886	-0.00679947606549677	-0.00875529676905206	"tdh"	3731498	6	181	0.0163733257152829
"408"	0.0156409473839979	0.00966134720286712	-0.0118674872866495	"mgsA"	1043979	4	182	0.0163164808066568
"409"	0.0165416586142098	-0.0112073237502011	-0.0153219103842394	"yccT"	1044240	7	182	0.0163164808066568
"410"	0.015648063529329	-0.00391526665767906	-0.0287302236418084	"ECB_03822"	4107145	4	183	0.01629021723754
"411"	0.0165042684736103	-0.0179257600027029	0.00700746735691549	"IR3301"	4108003	6	183	0.01629021723754
"412"	0.0162176509784843	0.0019483324416466	0.000940190604158674	"ECB_03710"	3981087	16	184	0.0162139689962814
"413"	0.0162029230496726	-0.0024593920719629	0.0019242115685168	"ECB_03711"	3982066	7	184	0.0162139689962814
"414"	0.0159251382105865	-0.0600921870923044	0.00506034436107772	"IR174"	231931	4	185	0.0158143583114796
"415"	0.015482018614159	-0.00395063929140322	0.0067073053120288	"dkgB"	232736	12	185	0.0158143583114796
"416"	0.0157077527262417	0.00387263202043926	-0.0231963413393635	"ECB_misc_RNA_32"	2813247	2	186	0.0155328430236158
"417"	0.015008113915738	-0.0208572148607427	-0.00678428914893663	"syd"	2813678	6	186	0.0155328430236158
