"V1"
0
0
NA
NA
0
0
0.166666666666667
0.25
0.25
0.25
0.25
0.222222222222222
0.222222222222222
0.166666666666667
0.142857142857143
0.142857142857143
0.133333333333333
0.133333333333333
0.125
0.111111111111111
0.111111111111111
0.111111111111111
0.1
0.1
0.1
0.1
0.1
0.1
0.1
0.1
0.1
0.1
0.0909090909090909
0.0909090909090909
0.0833333333333333
0.08
0.0769230769230769
0.0769230769230769
0.0769230769230769
0.0769230769230769
0.0769230769230769
0.0769230769230769
0.0769230769230769
0.0740740740740741
0.0740740740740741
0.0740740740740741
0.0740740740740741
0.0714285714285714
0.0666666666666667
0.0666666666666667
0.0666666666666667
0.0645161290322581
0.0625
0.0606060606060606
0.0606060606060606
0.0606060606060606
0.0606060606060606
0.0571428571428571
0.0540540540540541
0.0540540540540541
0.0540540540540541
0.0540540540540541
0.0540540540540541
0.0512820512820513
0.0512820512820513
0.0512820512820513
0.0512820512820513
0.05
0.0588235294117647
0.0588235294117647
0.0588235294117647
0.0588235294117647
0.0588235294117647
0.0545454545454545
0.0508474576271186
0.0483870967741935
0.0476190476190476
0.0476190476190476
0.0476190476190476
0.0476190476190476
0.0476190476190476
0.046875
0.046875
0.0461538461538462
0.0454545454545455
0.0447761194029851
0.0447761194029851
0.0441176470588235
0.0434782608695652
0.0422535211267606
0.0405405405405405
0.04
0.04
0.04
0.04
0.04
0.04
0.0394736842105263
0.0384615384615385
