"V1"
0
0
0
0
0
0
0
0
0
0
0
0
0
0
0
0
0
0
0
0
0
0
0
0
0
0
0
0
NA
NA
NA
NA
0
0
0
0
0
0
0
0
0
0
0
0
0
0
0
0
0
0
0
0
0
0
0
0
0
0
0
0
0
0
0
0.0526315789473684
0.0526315789473684
0.0526315789473684
0.0526315789473684
0.05
0.0645161290322581
0.0645161290322581
0.0645161290322581
0.0645161290322581
0.0645161290322581
0.0571428571428571
0.0512820512820513
0.0476190476190476
0.0465116279069767
0.0465116279069767
0.0465116279069767
0.0465116279069767
0.0465116279069767
0.0454545454545455
0.0454545454545455
0.0444444444444444
0.0434782608695652
0.0425531914893617
0.0425531914893617
0.0416666666666667
0.0408163265306122
0.0392156862745098
0.0555555555555556
0.0545454545454545
0.0545454545454545
0.0545454545454545
0.0545454545454545
0.0545454545454545
0.0545454545454545
0.0535714285714286
0.0517241379310345
