"V1"
0.75
0.75
0.5
0.428571428571429
0.363636363636364
0.315789473684211
0.315789473684211
0.3
0.285714285714286
0.272727272727273
0.24
0.206896551724138
0.176470588235294
0.171428571428571
0.157894736842105
0.181818181818182
0.149253731343284
0.135802469135802
0.141304347826087
0.136842105263158
0.135416666666667
0.134020618556701
0.125
0.117647058823529
0.122448979591837
0.113924050632911
0.113095238095238
0.110497237569061
0.102362204724409
0.10431654676259
0.108391608391608
0.104026845637584
0.109677419354839
0.111111111111111
0.11965811965812
0.113871635610766
0.111111111111111
0.109947643979058
0.110154905335628
0.111111111111111
0.108148148148148
0.106821106821107
0.107594936708861
0.106117353308365
0.106041923551171
0.108721624850657
0.107476635514019
0.1068524970964
0.10635838150289
0.105145413870246
0.104510451045105
0.105263157894737
0.104712041884817
0.104123711340206
0.104104104104104
0.105465004793864
0.103932584269663
0.101893597835888
0.0982758620689655
0.0977891156462585
0.098744769874477
0.098116169544741
0.098207326578332
0.0973180076628352
0.0975243810952738
0.097037037037037
0.0956703910614525
0.0957004160887656
0.0945205479452055
0.0931635388739946
0.0926666666666667
0.0924202127659575
0.092387768379961
0.0927444794952681
0.0923845193508115
0.0915841584158416
0.0914076782449726
0.0905797101449275
0.0904733373277412
0.0908554572271386
0.0904845300642148
0.090440755580996
0.0892857142857143
0.0877659574468085
0.0878201777313121
0.086783042394015
0.0871013802950976
0.0866290018832392
0.0856241550247859
0.0868817204301075
0.0856307435254804
0.0843570843570844
0.0839075800567491
0.0828994793752503
0.0833333333333333
0.084446190102121
0.08515625
0.0853254873115116
0.0856225472707813
