"V1"
0
0
NA
NA
0
0
0.166666666666667
0.25
0.25
0.25
0.25
0.222222222222222
0.222222222222222
0.166666666666667
0.142857142857143
0.142857142857143
0.133333333333333
0.133333333333333
0.125
0.111111111111111
0.111111111111111
0.111111111111111
0.1
0.1
0.1
0.1
0.1
0.1
0.1
0.1
0.1
0.1
0.0909090909090909
0.0909090909090909
0.0833333333333333
0.08
0.0769230769230769
0.0769230769230769
0.0769230769230769
0.0769230769230769
0.0769230769230769
0.0769230769230769
0.0769230769230769
0.0740740740740741
0.0740740740740741
0.0740740740740741
0.0740740740740741
0.0714285714285714
0.0666666666666667
0.0666666666666667
0.0666666666666667
0.0645161290322581
0.0625
0.0606060606060606
0.0606060606060606
0.0606060606060606
0.0606060606060606
0.0571428571428571
0.0540540540540541
0.0540540540540541
0.0540540540540541
0.0540540540540541
0.0540540540540541
0.0512820512820513
0.0512820512820513
0.0512820512820513
0.0512820512820513
0.05
0.0588235294117647
0.0588235294117647
0.0588235294117647
0.0588235294117647
0.0588235294117647
0.0545454545454545
0.0677966101694915
0.0645161290322581
0.0634920634920635
0.0634920634920635
0.0634920634920635
0.0634920634920635
0.0634920634920635
0.0625
0.0625
0.0615384615384615
0.0757575757575758
0.0746268656716418
0.0746268656716418
0.0735294117647059
0.0869565217391304
0.0845070422535211
0.0810810810810811
0.08
0.08
0.08
0.08
0.08
0.08
0.0789473684210526
0.0769230769230769
