"R"	"M"	"K"	"name"	"site"	"abn"	"block"	"bvalue"
"1"	0.0152092647319343	0.00673668639077516	-0.0205696618144217	"moaB"	810862	5	1	0.0570548406973402
"2"	0.0710033660191422	0.033991972411736	-0.0114779306313303	"moaC"	811197	5	1	0.0570548406973402
"3"	0.0555055700463471	0.0211912044116972	-0.0253404352852398	"J"	899134	4	2	0.04698061412371
"4"	0.0214057463557988	NA	-0.00731137593804845	"I"	900068	11	2	0.04698061412371
"5"	0.0161412509758725	-0.00281788915564489	NA	"ydiN"	1749828	10	123	0.0458410923454627
"6"	0.0401380405594561	-0.00674222772866319	0.022431459782423	"ydiB"	1751754	5	123	0.0458410923454627
"7"	0.0629502477034825	-0.0088454390039933	-0.0020210674260037	"ydiF"	1753928	6	123	0.0458410923454627
"8"	0.0205331270636799	-0.0169860859151824	0.0102247729420536	"ydiO"	1754477	10	123	0.0458410923454627
"9"	0.0391689237641615	-0.0196638963388006	0.0216160530182752	"yddA"	1551609	17	4	0.0443137063777824
"10"	0.046028633915656	-0.00399354778102062	NA	"ydeM"	1553618	10	4	0.0443137063777824
"11"	0.0514988812308492	-0.00328173614594668	-0.0167002502054649	"yghD"	3029523	7	5	0.0427096420883229
"12"	0.0163419246607439	-0.00779433170807069	0.00181225974493743	"ECB_02831"	3031553	13	5	0.0427096420883229
"13"	0.0483314739474633	-0.0196749759681368	-0.0109974218091192	"yaeH"	186842	7	6	0.040052560745351
"14"	0.0152158211390141	-0.00183624051644187	-0.0104398047380638	"yaeI"	187411	15	6	0.040052560745351
"15"	0.0347661140249367	-0.0437257414719814	0.00269354172443062	"cobU"	2003260	5	7	0.0373588296595064
"16"	0.0220173137182524	-0.00827011743957161	-0.022736108996178	"yeaB"	1874755	7	8	0.0368218067413156
"17"	0.0516262997643789	0.0156456626045799	-0.025251131027395	"IR1532"	1875403	6	8	0.0368218067413156
"18"	0.0181788558503923	0.00548668440756614	0.00247428526295522	"sdaA"	1875521	24	8	0.0368218067413156
"19"	0.0417802325486535	-0.00223932025466461	0.00313611457721333	"IR3698"	4600502	7	154	0.0361631744444858
"20"	0.0193120001319826	-0.0159532201978318	-0.00957442112021528	"osmY"	4600635	11	154	0.0361631744444858
"21"	0.0356000176958473	0.0133497498798721	-0.0283915395904782	"yeaE"	1842021	11	10	0.0359020334691237
"22"	0.0360027053935492	0.0139086969339146	-0.000735772847728133	"mipA"	1842965	18	10	0.0359020334691237
"23"	0.0324291047257069	-0.0381590631804778	0.00227684236290035	"ECB_01903"	2005440	8	11	0.0358903632721381
"24"	0.0231612499187656	0.0124216895541343	-0.00334388118433032	"insC"	2006807	7	11	0.0358903632721381
"25"	0.0352904164033329	-0.0351202722764965	0.0185708412357932	"ECB_01906"	2007917	4	11	0.0358903632721381
"26"	0.0376902038785538	-0.0413144490862129	-0.0202006007876135	"IR1649"	2008824	10	11	0.0358903632721381
"27"	0.0216527230162212	0.0149877480613181	-0.0300038927501995	"yaiI"	373634	5	12	0.0358430108445819
"28"	0.0282942075118965	-0.0443042161810872	0.00496076302101318	"yaiA"	374643	6	12	0.0358430108445819
"29"	0.0433918141772672	-0.0241820720338313	-0.0101517847823894	"IR293"	375784	7	12	0.0358430108445819
"30"	0.0300012248656835	0.0377006755702705	-0.0149310504099429	"yfeU"	2474601	10	13	0.0354262188209941
"31"	0.0160162567104274	0.00647602924137915	-0.00857809653845577	"murP"	2475897	21	13	0.0354262188209941
"32"	0.0354262188209941	-0.0120432826247538	-0.017620522125718	"IR1987"	2476939	7	13	0.0354262188209941
"33"	0.0414562514118713	-0.00118682156573113	-0.0105709002345532	"yfeY"	2478017	12	13	0.0354262188209941
"34"	0.0331160293793786	-0.0301732941524286	-0.00954456231555685	"yfeZ"	2478973	8	13	0.0354262188209941
"35"	0.0400348203510535	-0.00355590060830357	0.00189019109266453	"ESCRE1404"	1406605	5	14	0.0348387038833919
"36"	0.019250354480407	-0.000376953651125044	0.00582927125722134	"dbpA"	1406695	17	14	0.0348387038833919
"37"	0.0335831982831427	NA	-0.0054285053256654	"ESCRE4162"	4170092	7	15	0.0343715811959075
"38"	0.0346343755001624	-0.000438306967896523	-0.00302866523883546	"thiC"	4175710	3	15	0.0343715811959075
"39"	0.0329298166525893	-0.00761587054174401	-0.0144826972034805	"ydbJ"	1432888	6	16	0.032992907844612
"40"	0.0184537524673069	-0.00688204654252741	-0.0135149674055955	"hyfF"	2527749	29	17	0.0329856417692372
"41"	0.0384344808266367	0.0559143313978557	-0.0300776281706125	"hyfH"	2531013	6	17	0.0329856417692372
"42"	0.0275368027118378	-0.00292903289843638	0.00260018921948975	"focB"	2535065	12	17	0.0329856417692372
"43"	0.0366820734957486	-0.0185296708315448	0.000842766955999583	"yaaU"	50455	16	153	0.0325371031536785
"44"	0.0201021921274683	0.0328031357298018	0.00169365523528291	"kefF"	51823	9	153	0.0325371031536785
"45"	0.0222785577329383	-0.0101678120683562	0.00134331467398253	"ddpF"	1531697	16	19	0.0319993246094103
"46"	0.035239580234901	-0.0295161401659187	0.0169181435332007	"ddpB"	1534250	9	19	0.0319993246094103
"47"	0.0296631543112633	-0.00381038811660999	-0.0114453305008264	"cutC"	1937354	8	126	0.0311891622923298
"48"	0.0284274076329872	-0.0142219457750022	-0.0151692374315533	"ynhG"	1735669	17	127	0.0310130581614072
"49"	0.0167186649893025	-0.00199225185751451	-0.005590220674143	"sufS"	1736995	16	127	0.0310130581614072
"50"	0.0335987086898272	-0.053732351603107	-0.00158831395257295	"sufC"	1739284	7	127	0.0310130581614072
"51"	0.0211696490890361	0.0214494392266785	-0.0160823825575227	"ygdH"	2816151	25	22	0.0308939623446358
"52"	0.0313271633336426	-0.023365863932269	-0.0287108630338458	"IR2249"	2817002	15	22	0.0308939623446358
"53"	0.0243690902267238	-0.0113680637459054	-0.00458781739859979	"sdaB"	2818987	10	22	0.0308939623446358
"54"	0.0262773801842745	-0.00524720465403543	0.0162463618371697	"exo"	2820179	14	22	0.0308939623446358
"55"	0.019974820983811	0.00888554889903037	-0.00267956632418609	"menE"	2320785	16	23	0.0302096774553146
"56"	0.0283683413003005	-0.0149020793891164	0.0043260498732126	"elaB"	2327353	8	23	0.0302096774553146
"57"	0.0320510136103286	-0.0227186101274336	-0.0145406328985922	"elaA"	2327908	7	23	0.0302096774553146
"58"	0.0302041670066911	-0.00152211375899217	-0.000575937457951123	"hofQ"	3449340	5	24	0.0301866551990147
"59"	0.0301341197759857	0.00459404169422361	-0.00277838493479532	"yrfA"	3449570	11	24	0.0301866551990147
"60"	0.0314283750699304	0.00672974158166496	0.00363992493700572	"mtr"	3239808	12	25	0.0301718801245398
"61"	0.0264023952883681	-0.0539412748329107	NA	"IR2599"	3241075	8	25	0.0301718801245398
"62"	0.0346644146355052	0.0223534052015054	-0.0688617839827088	"IR1569"	1915121	6	26	0.0300800176581771
"63"	0.0163268267261927	-0.0141867383874976	0.0375632795727122	"yebK"	1915335	11	26	0.0300800176581771
"64"	0.0319479801208966	-0.021260250144964	-0.0166677330399779	"zraP"	4180876	9	27	0.0300795683301479
"65"	0.0244743329579018	0.00718490018659758	7.92008223417689e-05	"zraR"	4183801	17	27	0.0300795683301479
"66"	0.0311961819108733	-0.00632670641186379	-0.0198263740771681	"rtn"	2222975	19	28	0.0296815264229186
"67"	0.0251375599590544	-0.0182479983115911	-0.00259172045086957	"yejB"	2225755	16	28	0.0296815264229186
"68"	0.0333030343592632	0.00266019981231507	0.00023940695449732	"ygaF"	2685100	20	29	0.0291652665141206
"69"	0.0167519629786927	0.00154660488566732	0.0130065761142448	"gabP"	2689036	24	29	0.0291652665141206
"70"	0.0273112495242257	0.00937081508117256	0.010698284169514	"IR1026"	1293976	4	30	0.0279452090635614
"71"	0.0235416504562866	-0.0359831671186158	-0.00274679381607523	"malI"	1675766	4	31	0.0278141486453806
"72"	0.0177372659279691	-0.00502662127152566	0.00444547411409953	"malX"	1677096	15	31	0.0278141486453806
"73"	0.0320866468344747	-0.0304058272729412	-0.00834084350564313	"add"	1679763	9	31	0.0278141486453806
"74"	0.0359508043845443	-0.000753836477845448	-0.000924946894885211	"yphA"	2594167	9	32	0.0277052873337063
"75"	0.0163698212652629	0.00355174760054563	-0.00430701265329119	"yphC"	2596118	18	32	0.0277052873337063
"76"	0.0194597702828683	-0.034814543163244	-0.00364777383692755	"yphF"	2599455	8	32	0.0277052873337063
"77"	0.0155561533940856	-0.0146600999911457	-0.0128572935666849	"bglH"	3862078	22	33	0.0276883509929143
"78"	0.0317324168591905	-0.0308333499548933	NA	"bglG"	3866398	5	33	0.0276883509929143
"79"	0.0241865351235394	-0.0258597617641953	-0.00938185280836679	"yicO"	3802387	19	128	0.0273491293227441
"80"	0.0158285222049316	0.00166216166500528	NA	"IR2006"	2500461	2	129	0.0272809801038038
"81"	0.0310984660700945	-0.0153988627146503	-0.0125971588483944	"tktB"	2501183	21	129	0.0272809801038038
"82"	0.030256052202636	-0.019846757971052	-0.017446063898494	"mngR"	746036	8	36	0.0267217596991061
"83"	0.0161188821885162	0.0195394799450328	-0.00572845972042834	"mngA"	747578	16	36	0.0267217596991061
"84"	0.0208510307639273	0.0168238899962377	0.0035420573323077	"ECB_misc_RNA_23"	3171186	6	37	0.0266294201650937
"85"	0.0285555499654825	0.0040001093586567	0.00645293655442378	"alx"	3172062	14	37	0.0266294201650937
"86"	0.0229458282681234	-0.00819265872338439	-0.00130351556418249	"ECB_00729"	790350	5	38	0.0264683943246582
"87"	0.026349673598418	-0.00731988834361446	0.00495108834453324	"ygiB"	3114056	6	39	0.026350854629315
"88"	0.0171769903944644	-0.00408606020960361	-0.00966401663885082	"ygiC"	3115381	14	39	0.026350854629315
"89"	0.026352035660212	-0.0148537807326785	0.0187328873427693	"zupT"	3116353	14	39	0.026350854629315
"90"	0.0188379988410422	NA	-0.0334887289450142	"IR717"	915189	4	40	0.0260801822828091
"91"	0.033322365724576	-0.00596301807116087	-0.00412650098602419	"rumB"	915226	11	40	0.0260801822828091
"92"	0.0178078695018589	-0.0147388930196816	0.00728577603837261	"artJ"	916554	10	40	0.0260801822828091
"93"	0.0283123967231793	-0.028002027732822	0.00818834945277382	"rtcB"	3486295	17	41	0.0260797545975265
"94"	0.0193818282205679	-0.0091849753156406	0.00372890908573751	"rtcR"	3487415	18	41	0.0260797545975265
"95"	0.0222966009403477	NA	-0.00122504151843678	"ECB_01892#2"	1990899	7	42	0.0258179747772138
"96"	0.0269917660561692	NA	-0.0195724876173733	"IR1635"	1991561	12	42	0.0258179747772138
"97"	0.0170307878611066	-0.0267053745476766	-0.00319992223165193	"yoaE"	1879157	14	43	0.0257699736838494
"98"	0.0257446557560956	-0.0033980502224917	-0.0073508902195511	"manX"	1880638	11	43	0.0257699736838494
"99"	0.0257952916116031	-0.000636706899569099	-0.00894554455643907	"manZ"	1883130	12	43	0.0257699736838494
"100"	0.0252095688097988	-0.0190191533170117	-0.0190566701261635	"mfd"	1185147	24	130	0.0255036228280939
"101"	0.0303680248178908	-0.0274122631363458	0.0126327158341215	"kdpC"	706913	8	45	0.0254515629224003
"102"	0.0172250532369909	0.014298907645547	-0.00111079092022058	"kdpA"	710294	29	45	0.0254515629224003
"103"	0.0205351010269098	-0.000705592132722798	-0.0393204563689527	"ybfA"	711261	5	45	0.0254515629224003
"104"	0.0224937721814161	-0.00405201489633489	-0.00270840510702233	"ynfH"	1641099	17	131	0.0251344383893298
"105"	0.0276801534585316	0.0120018328911053	-0.0056110882470606	"yehL"	2155793	18	47	0.0251337929336746
"106"	0.0174947113591037	-0.0068639406393065	0.00165247974449212	"yehP"	2159200	11	47	0.0251337929336746
"107"	0.0199088237700242	-0.0218746927202642	0.0119848252642215	"allB"	511803	15	48	0.0251206838797698
"108"	0.0268579705830183	0.0005055705916771	-0.0173340526023659	"glxK"	514440	14	48	0.0251206838797698
"109"	0.029732646547916	-0.00413262213285517	-0.0288214481899227	"atoD"	2270809	9	49	0.0250974545355891
"110"	0.0173040912921894	0.0067842322227605	0.00426252818499684	"atoB"	2273680	11	49	0.0250974545355891
"111"	0.0204622625232621	NA	NA	"IR1835"	2274021	5	49	0.0250974545355891
"112"	0.0210462688438842	0.00327030146128731	-0.000761821835564967	"ulaG"	4396717	17	50	0.0250542163800588
"113"	0.026390198892117	0.0235414974478928	-0.0265844227269889	"ulaB"	4399758	4	50	0.0250542163800588
"114"	0.0202059025815091	-0.0146940643346262	-0.0242439967562087	"mltB"	2719735	18	51	0.0250512544550965
"115"	0.0258537960715944	-0.00634238022859284	-0.0138587852880726	"srlE"	2721259	21	51	0.0250512544550965
"116"	0.0198670029274244	0.0116935055033584	0.000740367964177788	"gutQ"	2725376	11	51	0.0250512544550965
"117"	0.0260081510958653	-0.0158717404196653	-0.0172707006533072	"yggG"	2967680	13	52	0.0246405496934215
"118"	0.0205377454860901	-0.00230231450128181	NA	"IR2365"	2968492	4	52	0.0246405496934215
"119"	0.0160343755865072	-0.00436049070518821	-0.00576575319022607	"flhA"	1942474	23	53	0.0245648601120916
"120"	0.0274083549539531	-0.0448503194992539	-0.0151222458401522	"IR1592"	1944982	4	53	0.0245648601120916
"121"	0.0265526677840633	-0.00392077884443964	0.0050255263756047	"entC"	607594	9	132	0.0244938709817261
"122"	0.0183174805747146	0.0181527507641416	0.0172442258588477	"entE"	608840	16	132	0.0244938709817261
"123"	0.0249518612345224	0.0069822559876853	-0.0081805953099625	"yncB"	1489548	15	55	0.0244835425810628
"124"	0.0230785866206841	-0.0467290734641355	-0.024822062272341	"yncC"	1490443	11	55	0.0244835425810628
"125"	0.0219970640866267	0.00412195704135639	-0.0100493952936571	"yiaK"	3673524	17	56	0.0244045303777443
"126"	0.0252070191414502	-0.00744192160018029	0.00286034284280328	"lyxK"	3677551	17	56	0.0244045303777443
"127"	0.021296452447763	0.00126545469042188	-0.00274136011707824	"inaA"	2295533	21	57	0.0243852319936066
"128"	0.0218048691807728	-0.0014568410890941	-0.00208789603301192	"ECB_04073"	4408327	15	58	0.0241754164747183
"129"	0.0193342107230226	-0.0129463340451743	0.000709199263577973	"ECB_03714"	3984945	18	59	0.024173198838892
"130"	0.0257445982078131	0.00801166429043463	-0.0144960596978076	"ECB_03716"	3987600	9	59	0.024173198838892
"131"	0.024771541252721	0.0789579685677662	-0.010400824029691	"emrY"	2414918	17	60	0.0241616160389201
"132"	0.0223318403975173	-0.00783437587666585	-0.0162305401153037	"emrK"	2416792	12	60	0.0241616160389201
"133"	0.0282741176843191	-0.0145662391786063	0.0104711206393119	"yjjP"	4591858	14	61	0.0240609199608079
"134"	0.0179534171788563	-0.0013397011667066	0.00527977894219075	"bglJ"	4593453	10	61	0.0240609199608079
"135"	0.0269368935015456	0.00142078390502726	NA	"sgcB"	4510510	8	133	0.0240598978047131
"136"	0.0154289107142155	-0.0069447814509452	NA	"yjhP"	4512884	6	133	0.0240598978047131
"137"	0.0181258017377181	-0.0302212907740398	-0.0171180626314647	"yijF"	4117365	9	134	0.0240524851006429
"138"	0.0260280462216178	-0.00709488773079286	0.0163596900339175	"ptsA"	4119828	29	134	0.0240524851006429
"139"	0.0219733723123055	-0.00548750642957148	0.0211901417252629	"emrA"	2706714	12	135	0.0239311869340696
"140"	0.0245837918079909	-3.94860456412202e-05	-0.0416469065538135	"emrB"	2707516	13	135	0.0239311869340696
"141"	0.0215374587672366	-0.00150886882322145	-0.00121424017537406	"tsr"	4580896	35	65	0.0238791616457764
"142"	0.0188527544173278	-0.0231589040860249	0.00399382543655765	"yhiO"	3570307	16	66	0.0236778229783774
"143"	0.0252861791653939	-0.0260840432787581	-0.0125925103191164	"IR2867"	3570411	6	66	0.0236778229783774
"144"	0.0180315198543932	0.00507534474184063	-0.00897186319247197	"ECB_04224"	4573351	22	67	0.0236410261638891
"145"	0.0255108616003877	-0.0111281836687444	0.00178405182688808	"hpaI"	4574391	7	67	0.0236410261638891
"146"	0.0195947272857049	0.0017404865583587	-0.00163385429651991	"ydhT"	1726286	10	68	0.023555858873119
"147"	0.027516990460533	-0.0169091682981143	-0.00849130709834236	"ydhX"	1727845	10	68	0.023555858873119
"148"	0.0180352509998388	-0.0151236945582103	-0.00177450545482357	"ydhV"	1730404	12	68	0.023555858873119
"149"	0.0179152886334799	0.0037184675829223	NA	"dppD"	3633676	15	136	0.0235447745046335
"150"	0.029174260375787	-0.00472139863359627	-0.027643260420265	"dppB"	3636015	17	136	0.0235447745046335
"151"	0.0154188745778045	-0.0228451880368633	-0.0273209839837284	"IR2919"	3638164	14	136	0.0235447745046335
"152"	0.0221207091905468	-0.0375598361794591	NA	"IR1654"	2013134	7	70	0.0235225064379664
"153"	0.0153605710723981	-0.0106328213700315	-0.0139404947739437	"sbcB"	2014281	13	70	0.0235225064379664
"154"	0.0249243036853861	0.000280829247026986	-7.42702641051875e-05	"yeeE"	2015620	18	70	0.0235225064379664
"155"	0.0218294701810916	-0.0411657614527249	0.000568159974704805	"cII"	883696	5	71	0.0230533308439477
"156"	0.0253676402206239	0.00849934187584386	-0.0118175826279818	"IR1879"	2350234	20	137	0.0230308564243535
"157"	0.0160205050355423	-0.00637219451049548	-0.0565019380539932	"yfbQ"	2351182	27	137	0.0230308564243535
"158"	0.0191409744965761	-0.0148691031312861	-0.0059890213147569	"ydjZ"	1812528	7	73	0.023003408999047
"159"	0.0218575832157114	-0.00813266335364328	0.00773969557115813	"ynjC"	1815482	21	73	0.023003408999047
"160"	0.0241492347823827	-0.0175619228243838	0.00285399936774459	"ynjD"	1816234	6	73	0.023003408999047
"161"	0.0242771851867015	-0.00433090610614745	-0.0239232421480581	"feaR"	1438598	14	74	0.0229869229226139
"162"	0.0191161361303512	0.00421462306444637	0.0118980586078765	"feaB"	1439141	18	74	0.0229869229226139
"163"	0.0211826626035993	NA	-0.00467577945495183	"uvrY"	1972710	9	75	0.0229742976851803
"164"	0.0247131481049627	-0.0151663712568471	0.00664614387062692	"puuA"	1358418	21	76	0.0229015982641077
"165"	0.0174669487415427	-0.0107158241077098	-0.0331519815322227	"puuD"	1359525	13	76	0.0229015982641077
"166"	0.0221631433713117	NA	-0.0330995579800324	"yfdV"	2423795	12	77	0.0228779066802983
"167"	0.0231161611166272	-0.0239135547560963	-0.0969185168915387	"frc"	2426678	13	77	0.0228779066802983
"168"	0.0214804538897888	-0.00178198293754414	-0.00647357458695986	"ECB_03527"	3787116	6	78	0.0226957081539538
"169"	0.0245466662606829	0.000613051089336241	0.00131192147991867	"gltJ"	667162	11	79	0.0223617467306356
"170"	0.0158069881404936	-0.00107720017594425	-0.00596843605036362	"ECB_00624"	669435	25	79	0.0223617467306356
"171"	0.017818700496181	-0.0441315226743945	-0.00373608991928874	"IR304"	390896	5	80	0.0220093923860318
"172"	0.0210414113373407	-0.010394194384191	-0.0129663241708027	"malZ"	392171	40	80	0.0220093923860318
"173"	0.022977373434723	NA	-0.0633465821371275	"acpH#1"	393031	3	80	0.0220093923860318
"174"	0.0181057210266862	-0.00689410270363653	0.012498228029138	"narG"	1281302	43	138	0.0219862148481543
"175"	0.0232797127886437	-0.00308315177936366	-0.0361619728269237	"narJ"	1285604	4	138	0.0219862148481543
"176"	0.0221857873357576	-0.00620534220095437	-0.0130351058011805	"tdcG"	3191785	25	82	0.0217349372864689
"177"	0.0203823871386026	0.00606094067713963	0.00719132950091459	"tdcD"	3196321	18	82	0.0217349372864689
"178"	0.0209071954792066	-0.0337659589115513	-0.00820565587457892	"yedV"	1974794	12	83	0.021722363832072
"179"	0.0219940866163605	-0.0177874229259722	-0.0146226415098275	"yedW"	1976384	7	83	0.021722363832072
"180"	0.0157135901246133	-0.00149099756004134	-0.0151161066881097	"yeaI"	1848622	18	84	0.0215954392618519
"181"	0.0235560556409314	-0.000955840060117473	0.0066705727345079	"yeaJ"	1849284	22	84	0.0215954392618519
"182"	0.0215233170377999	-0.0188179413975364	-0.0128025440743196	"phnN"	4294675	6	85	0.0215233170377999
"183"	0.0178236497890851	0.00197695254516746	-0.00182066006418232	"phnL"	4296545	12	85	0.0215233170377999
"184"	0.0161389459427114	0.00309045725542961	-0.0190303735046166	"phnJ"	4297617	6	85	0.0215233170377999
"185"	0.0150021343328061	-0.0104520154766468	-0.0232821847824141	"phnG"	4300092	5	85	0.0215233170377999
"186"	0.0216885951990044	-0.0182292367897301	-0.0204484753631611	"phnD"	4302659	5	85	0.0215233170377999
"187"	0.0229757965436542	-0.00372710695542217	NA	"cusB"	578795	15	86	0.0214626613674729
"188"	0.0169232558389288	-0.00254502555446339	NA	"pheP"	582929	24	86	0.0214626613674729
"189"	0.0184640662113698	0.00725042804797244	-0.00368457330549296	"yoaB"	1872177	5	139	0.0214331370873834
"190"	0.022422827379388	-0.0362094100210153	-0.0182378994790464	"IR1528"	1872590	7	139	0.0214331370873834
"191"	0.0195150764482927	-0.0140717655249646	0.00286223619827203	"ECB_03278#2"	3493971	19	140	0.0214220038733662
"192"	0.0227226648263674	-0.0190898443630492	-0.00907822090963803	"mglC"	2188669	10	141	0.0212040365972004
"193"	0.0166481519096992	-0.00614647737911898	-0.015242399231716	"galS"	2192257	9	141	0.0212040365972004
"194"	0.0184638599667232	-0.00519605183789822	0.0270701147214279	"yeiP"	2216848	17	90	0.0207989248448179
"195"	0.0164317385795363	-0.00568470493143779	-0.0236317910641792	"yeiQ"	2217923	14	90	0.0207989248448179
"196"	0.02540853454871	-0.0722890255901976	-0.0134392688867682	"yeiR"	2219357	4	90	0.0207989248448179
"197"	0.0200291958920194	0.00460084793683183	-0.0170080942745513	"mdtB"	2089441	31	91	0.0207485776302542
"198"	0.0209883715429991	0.00680410469551215	-0.0100906391962055	"mdtC"	2091520	28	91	0.0207485776302542
"199"	0.0188983090213768	-0.0183422700928506	-0.00267341286347277	"ugpE"	3520427	10	92	0.0207454168855698
"200"	0.0225925247497627	-0.00164909604806553	0.00474793195636845	"ugpA"	3521294	13	92	0.0207454168855698
"201"	0.0178158878926617	-0.00319214287865127	-0.00784237427217346	"ugpB"	3521867	13	92	0.0207454168855698
"202"	0.0282294967219301	NA	-0.00614565610256983	"IR3270"	4074045	4	142	0.0206201234729615
"203"	0.0166804577298388	0.00633475720210356	-0.00746091259673174	"rhaA"	4074238	13	142	0.0206201234729615
"204"	0.0150573676140433	0.00173934753950484	-0.00831053839603064	"rhaB"	4075490	17	142	0.0206201234729615
"205"	0.0203066583025812	0.00255580086711665	-0.0265133846614928	"yahK"	315904	17	94	0.0204227233300191
"206"	0.0166607804703085	-0.0017031471584731	-0.0293869976534833	"gspE"	3387259	18	95	0.0202870869966713
"207"	0.0214958558387922	-0.0389235807075103	-0.013477712928114	"gspI"	3389929	6	95	0.0202870869966713
"208"	0.0160766964379794	-0.0147099342502735	-0.0358306795153425	"IR3424"	4266598	6	96	0.0201358808757708
"209"	0.0223869584652882	-0.0162028044008189	0.00386384443502924	"nrfD"	4270058	8	96	0.0201358808757708
"210"	0.0183569228292665	0.000348250952549579	-0.0114251879843034	"nrfE"	4271139	23	96	0.0201358808757708
"211"	0.019385521679265	-0.00201122316585728	0.00855192800053334	"nrfG"	4272681	16	96	0.0201358808757708
"212"	0.0161005765874979	-0.0151537864166779	-0.0100664140373001	"udp"	3989351	17	97	0.0197754189186361
"213"	0.0162069366468242	0.0333077648270787	0.0131464654549507	"ECB_03723"	3994227	16	97	0.0197754189186361
"214"	0.0233439011904479	-0.00203840103067385	-0.00112134730417961	"ECB_03724"	3995107	5	97	0.0197754189186361
"215"	0.0187979722224716	0.00363414711733049	-0.00664404352204213	"ECB_01468"	1566572	9	98	0.0197006711494493
"216"	0.015574827585249	-0.0161548598196198	0.00180297657596444	"hipA"	1567944	16	98	0.0197006711494493
"217"	0.020603370076427	-0.0118681810979909	-0.0133028345053388	"ECB_01471"	1569233	36	98	0.0197006711494493
"218"	0.0192846945928707	0.000153631127598732	0.0155496027751425	"aldA"	1457586	15	99	0.0196187519159301
"219"	0.0197301043569499	0.00677793883241357	-0.00344511784813948	"gapC"	1459052	16	99	0.0196187519159301
"220"	0.0182134820512549	-0.0158376371898732	0.00231035957317766	"wzxC"	2052801	14	143	0.0195102009950697
"221"	0.0186459799961352	0.00859416563341059	0.00655708736861544	"cpsB"	2056785	18	143	0.0195102009950697
"222"	0.0198423972388114	0.014391992020054	-0.00879644171550766	"wcaD"	2063740	19	143	0.0195102009950697
"223"	0.0169929085735556	-0.0180245845701633	-0.0165111762146928	"wcaC"	2064946	10	143	0.0195102009950697
"224"	0.0172868580625417	-0.00450353607497547	-0.0102893233824515	"wzc"	2068156	28	143	0.0195102009950697
"225"	0.0221028639918732	0.0424206703622798	0.00688103171625555	"yegH"	2071646	21	143	0.0195102009950697
"226"	0.017574901299307	-0.00299909067782507	0.00894258018494078	"IR1693"	2072876	7	143	0.0195102009950697
"227"	0.0194115457619932	-0.00761269710932334	-0.00824035888963619	"garD"	3208259	20	144	0.0194567372344631
"228"	0.0204563018553841	-0.0269555080937076	-0.0100458190094263	"gatC"	2127188	14	102	0.0189387155358838
"229"	0.0174211292163836	-0.0181426529465495	0.0286625282115206	"gatZ#2"	2129762	11	102	0.0189387155358838
"230"	0.015724237749201	-0.0275011263477681	-0.0268976940083639	"gatY"	2131124	5	102	0.0189387155358838
"231"	0.0155730442193017	-0.0120815263329283	-0.0474098205573279	"IR1"	29	2	145	0.0187562851865618
"232"	0.0198173655089818	0.00211485341905848	-0.00810137829984352	"yjtD"	4629360	14	145	0.0187562851865618
"233"	0.0160589206793617	-0.00411426832700524	0.00969517703631926	"gntP"	4530870	22	104	0.0183026795040737
"234"	0.0183026795040737	0.00451915086663175	-0.00735852508071022	"uxuA"	4532570	20	104	0.0183026795040737
"235"	0.0180663896356385	-0.00947985275518412	-0.00693357409365469	"thiD"	2137880	10	105	0.0182061773045059
"236"	0.0178754771500367	-0.00362383059718332	0.000835749839052134	"ligB"	3758985	31	106	0.0181362538391546
"237"	0.0171698854962	0.0136994360034863	-0.00797508861857069	"yjbB"	4207219	20	107	0.018104123245623
"238"	0.0163890419141573	-0.0169386607158435	-0.0132506472034164	"yibI"	3706076	4	146	0.0179790602056438
"239"	0.018509066302806	-0.00275213193848957	0.0117271641269884	"IR2971"	3706439	15	146	0.0179790602056438
"240"	0.0188536671565341	0.00679338858724572	-0.113197900447831	"ppiA"	3419854	7	109	0.0179329915310899
"241"	0.0151709646547572	-0.00565533706515742	0.00780454580149881	"tsgA"	3420478	26	109	0.0179329915310899
"242"	0.0169778822281407	-0.0136472875103854	-0.0174020798011438	"yebN"	1884499	2	110	0.0177967985648075
"243"	0.0180697706770298	-0.00648584917648971	-0.00961228839703212	"rrmA"	1885440	13	110	0.0177967985648075
"244"	0.0152211356470021	0.0101656069478577	NA	"yedY"	1977868	15	111	0.0177463857871364
"245"	0.0185881358338478	-0.0153949927901023	0.0021800300175886	"yedZ"	1978969	11	111	0.0177463857871364
"246"	0.0170165637083496	NA	-0.00616299053733324	"yddE#2"	1509444	11	147	0.0175967673185789
"247"	0.0177901685219886	-0.00374508087808779	0.0028234920713308	"narY"	1511463	22	147	0.0175967673185789
"248"	0.0173748743101785	-0.046640952381015	-0.00808033271780493	"yhbV"	3237753	11	148	0.017510488294131
"249"	0.0175556929554485	NA	NA	"IR2597"	3238603	7	148	0.017510488294131
"250"	0.0174852668855119	0.000724351744010594	-0.000272442111515605	"yneI"	1581347	14	114	0.0171757674977016
"251"	0.0162472693342707	-0.0335467158811934	0.00837250000220917	"yneJ"	1582479	11	114	0.0171757674977016
"252"	0.0175394850299368	-0.00297870762719874	-0.000114426450987209	"aqpZ"	932349	11	149	0.0171502720047262
"253"	0.0159826329290942	0.011870408816067	0.00470509590632195	"ybjD"	934354	11	149	0.0171502720047262
"254"	0.0180592315965594	-0.0271101049432203	-0.0190348960215176	"ydiQ"	1756907	7	116	0.0170661818977804
"255"	0.0160299089918718	-0.0124086304021968	-0.0148226556991127	"ydiR"	1758392	11	116	0.0170661818977804
"256"	0.0151809156951953	-0.00953651219973875	-1.46666370227121e-05	"ydiD"	1760312	20	116	0.0170661818977804
"257"	0.0166812267909229	-0.0102825138808115	-0.00357922984562092	"deoC"	4606642	14	117	0.0169917358684301
"258"	0.0170512522548354	-0.0139839847720059	0.0233428651939606	"yceH"	1140735	10	150	0.0167814570132613
"259"	0.015972071288539	-0.0257093615275806	-0.0218300270907928	"mviM"	1142013	10	150	0.0167814570132613
"260"	0.0160636333439063	-0.0109713612473288	0.00138935362548926	"tauB"	355411	7	119	0.0165031971292396
"261"	0.0166497183910174	-0.0115997043128362	-0.0429201520826754	"tauD"	356739	11	119	0.0165031971292396
"262"	0.0159845997465803	-0.0145706010100596	-0.00667109696143653	"uhpA"	3810274	13	120	0.0162448046133791
"263"	0.0186322793111062	-0.00868696101757358	-0.0118951541051242	"cbrA"	3829802	15	151	0.016054499324806
"264"	0.016054499324806	-0.000656045171933337	-0.00624375481312051	"dgoT"	3830836	20	151	0.016054499324806
"265"	0.0159184842221521	-0.0100171189434462	-0.00788405041314977	"IR3070"	3832181	3	151	0.016054499324806
"266"	0.0155014874755516	-0.0163761789544924	-0.016895920319842	"dgoD"	3832677	14	151	0.016054499324806
"267"	0.0153767453672703	-0.0257467536754106	NA	"IR3058"	3813669	13	122	0.0159579029287087
"268"	0.0161516221158548	-0.0219068984877848	-0.00170436568624654	"emrD"	3814345	11	122	0.0159579029287087
"269"	0.0198578809935777	0.0352342438199155	-0.00598160117501838	"dmsC"	961470	12	123	0.0598894516927688
"270"	0.0598894516927688	NA	-0.0407598099685071	"ycaC"	962323	6	123	0.0598894516927688
"271"	0.0674428829215516	NA	-0.0470650039459396	"IR116"	158273	5	154	0.0514471398912206
"272"	0.0514471398912206	-0.0159818950441579	-0.00548688165911352	"ecpD"	158814	10	154	0.0514471398912206
"273"	0.027526076638006	-0.00805135073144742	-0.000561008773226414	"wzzE"	3930922	6	153	0.0438343667977726
"274"	0.0438343667977726	NA	NA	"rffC"	3936720	7	153	0.0438343667977726
"275"	0.0536419154499048	0.011825450815916	-0.00827505685116748	"araF"	1963134	14	126	0.0420702598645337
"276"	0.0420702598645337	NA	-0.0245204234638199	"yecI"	1964975	5	126	0.0420702598645337
"277"	0.0413708522375598	-0.0176878889242332	0.00477691082589686	"yddV"	1540106	14	127	0.0413708522375598
"278"	0.0285003868342669	-0.0106720481233836	NA	"IR1231"	1541063	7	127	0.0413708522375598
"279"	0.0302834622932403	-0.00443280430336644	-0.0162050967551068	"IR2243"	2811054	10	128	0.0366822430175795
"280"	0.0363726465359808	-0.00616394790846567	-0.0132164775795049	"IR996"	1258857	6	129	0.0363726465359808
"281"	0.0206532609908135	0.0171118187178546	NA	"ychH"	1259038	8	129	0.0363726465359808
"282"	0.0214545136040348	-0.0440769822698795	NA	"IR922"	1179698	2	130	0.0353214648482821
"283"	0.0353214648482821	NA	-0.00749952998050241	"ycfP"	1179717	16	130	0.0353214648482821
"284"	0.017455693411123	-0.0295154188519471	0.00251617012068267	"rcsF"	222779	6	131	0.034701488032779
"285"	0.034701488032779	-0.00500286104633959	-0.00289639926030331	"metN"	224811	11	131	0.034701488032779
"286"	0.0329318345177022	-0.00052359088064539	-0.0212654753844493	"caiD"	39572	9	132	0.0329318345177022
"287"	0.0404241979321437	-0.00687014974602037	-0.0142303046563996	"fixA"	46973	7	132	0.0329318345177022
"288"	0.0259883025920686	-0.01483941732921	0.006150484917611	"cheW"	1951985	8	133	0.0313654953073399
"289"	0.0313654953073399	0.0133946806484822	0.00622925852657301	"motA"	1955684	17	133	0.0313654953073399
"290"	0.02348977345831	0.0195741055525995	0.00291701848711361	"ypfH"	2514160	8	134	0.0312392511381235
"291"	0.0312277988069336	0.0137076838206918	-0.0325035929242762	"yahB"	306779	14	135	0.0312277988069336
"292"	0.0164771682953984	-0.0187235292262385	-0.0211518241407647	"IR235"	307085	11	135	0.0312277988069336
"293"	0.0308589271671447	0.00166135873097217	-0.0110362776327875	"ybgO"	729154	17	136	0.0308589271671447
"294"	0.0220754778598068	-0.0003253961817493	-0.0179977063570419	"ybgP"	730027	10	136	0.0308589271671447
"295"	0.0253979095336519	-0.0190750004714507	-0.0017833507311774	"ECB_00679"	733023	10	136	0.0308589271671447
"296"	0.0200971641323396	-0.0132137704285295	-0.0143739185057912	"moeB"	857441	4	137	0.0305811282243127
"297"	0.0305811282243127	0.0132809976191573	-0.0175566787964202	"moeA"	858540	14	137	0.0305811282243127
"298"	0.0297492586524827	-0.0112488843278195	0.0118313506684835	"IR3325"	4143209	7	138	0.0297492586524827
"299"	0.0154346941354079	-0.00099359599274424	-0.00337250188126197	"ECB_misc_RNA_14"	4143248	4	138	0.0297492586524827
"300"	0.028738216637791	-0.0221491816091894	-0.0168187862867678	"ykgA"	288934	7	139	0.028738216637791
"301"	0.0291570251427965	-0.063982751903019	0.032702327071237	"IR222"	289828	8	139	0.028738216637791
"302"	0.0314676280195673	NA	0.019500552543183	"fnr"	1396008	7	140	0.0283450538229219
"303"	0.0343092924200375	-0.0663177017562782	-0.0131424722485709	"IR1115"	1396698	5	140	0.0283450538229219
"304"	0.0283318666802834	-0.0098715270225546	-0.0179494001073426	"oppA"	1299946	25	141	0.0283318666802834
"305"	0.0185735945800589	-0.00578019842337429	-0.0254003124105757	"oppF"	1303368	8	141	0.0283318666802834
"306"	0.0254636803546427	-0.0104958558999945	-0.03871677593589	"mutM"	3748699	12	142	0.0279943435386848
"307"	0.0171427630731727	-0.0161414286543055	NA	"ompL"	4041910	5	143	0.0273718858599649
"308"	0.0273718858599649	-0.00247068139494297	0.0192536347604768	"yihO"	4043591	25	143	0.0273718858599649
"309"	0.0282549847054692	-0.0171072525374381	-0.0353930989889429	"yihR"	4047976	11	143	0.0273718858599649
"310"	0.0260342610539546	0.069534545817777	-0.0151668896684932	"pykF"	1733023	17	144	0.0273580206229829
"311"	0.0273486059478618	-0.0185595510919025	-0.00651200898373261	"ycjG"	1387985	15	145	0.0273486059478618
"312"	0.0415761579775129	-0.047730413610676	-0.0193930710579752	"mpaA"	1388400	4	145	0.0273486059478618
"313"	0.0188128719965416	0.0056013963804926	-0.0129262597438345	"yagT"	272077	8	146	0.0268708456119061
"314"	0.0268708456119061	-0.0311421710733425	-0.0712185275960719	"yagU"	273179	8	146	0.0268708456119061
"315"	0.0229812779037412	-0.0106307149457143	-0.00396792394619284	"IR1660"	2019576	12	147	0.0265075743696449
"316"	0.020118184350796	-0.0184649859822213	0.00340081113618709	"IR2214"	2767792	5	148	0.0264696895768912
"317"	0.0241091959645168	-0.00556480725384345	NA	"ygbE"	2767876	11	148	0.0264696895768912
"318"	0.0307892052596644	-0.0092778184803492	-2.41497745278957e-05	"yjgK"	4458155	8	149	0.0263535555496437
"319"	0.0217990343049459	0.00931991815448407	0.00854403573189924	"tesA"	491741	7	150	0.0261916232134674
"320"	0.0261916232134674	-0.0162960559464362	NA	"ybbA"	492191	6	150	0.0261916232134674
"321"	0.0232372994559471	-0.00368993178502747	0.0166387129457323	"fsr"	475575	12	151	0.026090560134659
"322"	0.026090560134659	-0.023742246459299	-0.0191388709680975	"IR376"	476924	5	151	0.026090560134659
"323"	0.025998925237053	-0.0080357685535657	-0.0025493775816795	"alkA"	2080468	21	154	0.025998925237053
"324"	0.0286181606131785	NA	-0.0164799203894922	"IR1698"	2080774	4	154	0.025998925237053
"325"	0.0182121411820138	NA	-0.0158228869478189	"yegD"	2081330	15	154	0.025998925237053
"326"	0.022433838955183	-0.0540108553698996	-0.0324615141583824	"ESCRE3877"	3891489	6	153	0.0259939591841175
"327"	0.0269008078762573	-0.0158654826484868	-0.00522060040982099	"yfiE"	2636246	12	154	0.0242073144030934
"328"	0.0239879115231469	-0.0208391991761275	0.002703465943744	"msrA"	4425296	6	155	0.0239879115231469
"329"	0.0333169735414042	-0.035004003782375	-0.0580491057071596	"IR3549"	4426013	9	155	0.0239879115231469
"330"	0.0236781803673204	NA	-0.0252042058229871	"sapA"	1355065	12	156	0.023619054054309
"331"	0.023619054054309	NA	0.00832907516895604	"IR1081"	1355635	6	156	0.023619054054309
"332"	0.0235192431350564	-0.00545661276130986	-0.0139536529656878	"pdxY"	1692807	9	157	0.0235192431350564
"333"	0.0161068405406335	-0.0270383294686088	-0.0256749648369371	"ydhA"	1695486	8	157	0.0235192431350564
"334"	0.0228530637462066	-0.00558727801063757	-0.0105552857742431	"mgsA"	1043649	8	158	0.0234850423210022
"335"	0.0234850423210022	-0.00745509890486602	0.0152401526225633	"yccT"	1044436	9	158	0.0234850423210022
"336"	0.023425742469677	-0.00182055859436676	-0.0167257663071496	"aer"	3150374	17	159	0.023425742469677
"337"	0.0212352377506219	-0.000141517316610597	0.00809264619637264	"IR2521"	3151913	6	159	0.023425742469677
"338"	0.0153282374741462	-0.028335255396291	0.028845737104296	"yidZ"	3853806	17	160	0.0229175232813225
"339"	0.0229175232813225	0.00301871696687201	0.0151749487093043	"yieF"	3855014	11	160	0.0229175232813225
"340"	0.0246527785636409	0.0146573511923481	0.0208024087221554	"pdxK"	2465688	9	161	0.0227532933072872
"341"	0.01974376106116	-0.0152625654132222	-0.022547069732848	"yfeK"	2466094	7	161	0.0227532933072872
"342"	0.0227532933072872	0.000134277207567702	0.00219017401952818	"yfeS"	2466731	12	161	0.0227532933072872
"343"	0.0243132770765877	-0.0109386104836355	-0.0120879371825004	"yfcI"	2366862	10	162	0.0227297877357948
"344"	0.0170960498210516	-0.035761042958372	-0.00312416518037334	"hisM"	2368182	13	162	0.0227297877357948
"345"	0.0227297877357948	-0.0274554363167713	0.00169493363836126	"hisQ"	2369323	12	162	0.0227297877357948
"346"	0.0226242239359142	NA	-0.00575662835201754	"D"	903936	11	163	0.0226242239359142
"347"	0.025293634234317	NA	NA	"ECB_00851"	904442	6	163	0.0226242239359142
"348"	0.0225247314085146	-0.00832308264080567	-0.0137538659393569	"IR3383"	4219125	4	164	0.0225247314085146
"349"	0.0340122720517912	-0.022933683973967	-0.0279856668663529	"yjbA"	4219258	5	164	0.0225247314085146
"350"	0.0190190695997426	-0.0102644064089434	-0.00205325618180857	"yhaJ"	3186727	6	165	0.0224474798407173
"351"	0.0222843751232445	0.00723229507301597	-0.00986985120187044	"gadW"	3593649	9	166	0.0222843751232445
"352"	0.020399123976527	-0.0429991957131445	-0.0362700862127633	"gadX"	3594514	14	166	0.0222843751232445
"353"	0.0200377027991755	-0.0115365653305467	-0.0161157135543951	"ygfI"	2952060	12	167	0.0222481881859996
"354"	0.0158226665535075	-0.0139999247761514	-0.0178565349513204	"nikC"	3547213	10	168	0.0220112476217767
"355"	0.0220112476217767	-0.000703125309051643	-0.0108382521982512	"nikR"	3549312	3	168	0.0220112476217767
"356"	0.0300188818029918	-0.0123555389768145	-0.00838524370932489	"rhsB"	3549922	5	168	0.0220112476217767
"357"	0.0218897416388431	-0.000886007170997625	0.0139125241530364	"ecpA"	280490	9	169	0.0218897416388431
"358"	0.0240581882834288	-0.0062818866485243	NA	"ykgK"	280941	5	169	0.0218897416388431
"359"	0.0228219418493336	-0.00562759156818257	NA	"IR1179"	1470662	4	170	0.0216375760529377
"360"	0.0194507088351083	-0.0176903830497601	0.00011239567956854	"tehA"	1470726	8	170	0.0216375760529377
"361"	0.0178502933982887	-0.03096441070107	-0.008549735038277	"tehB"	1471883	8	170	0.0216375760529377
"362"	0.020911388979078	-0.0116513939189706	NA	"pinR#2"	1601798	3	171	0.020911388979078
"363"	0.0336673475730798	-0.00422849152407987	0.0319181775174669	"ECB_01505"	1602416	3	171	0.020911388979078
"364"	0.0215142248776013	-0.00614758327179657	-0.0241329149355141	"yceA"	1131386	17	172	0.0206867201816303
"365"	0.0421493137362617	-0.0380842068874495	NA	"yceI"	1132868	8	172	0.0206867201816303
"366"	0.0206867201816303	0.00215947429136007	-0.0341860042926305	"yceJ"	1133319	6	172	0.0206867201816303
"367"	0.0322749730706465	-0.0231773219508331	NA	"IR3662"	4561026	5	173	0.0206357627012808
"368"	0.0191662722631635	-0.030076913598351	0.00215935205223235	"yegP"	2098320	9	174	0.0202239891203995
"369"	0.0275269339762513	-0.00292414775462934	0.00480556435736239	"yegQ"	2099692	18	174	0.0202239891203995
"370"	0.056182929223265	-0.0228991217377879	-0.00479037471721803	"ybjG"	875557	7	175	0.0200365796651082
"371"	0.0200365796651082	-0.00889668139764446	-0.00681054747713959	"cmr"	876240	18	175	0.0200365796651082
"372"	0.0199489749608315	-0.0113225548969185	-0.00602012130798149	"asnC"	3886920	11	176	0.0199489749608315
"373"	0.0154251780238324	0.0111406177413181	-0.038240369255196	"asnA"	3888220	4	176	0.0199489749608315
"374"	0.025612580837085	-0.0307655820959479	-0.048855152104981	"recR"	466678	6	177	0.0198901996155161
"375"	0.0198901996155161	-0.0113424417795447	-0.00868771749171232	"htpG"	467259	24	177	0.0198901996155161
"376"	0.0201369332894705	-0.048710964061379	NA	"IR3628"	4516396	15	178	0.019845202460602
"377"	0.019845202460602	-0.00119727355186874	NA	"yjhS"	4516802	6	178	0.019845202460602
"378"	0.0259054189711001	NA	-0.0048772390260994	"ESCRE3328"	3346855	4	179	0.0198049175875583
"379"	0.0198049175875583	0.00992350617614997	-0.006999917576915	"aapJ"	3347657	17	179	0.0198049175875583
"380"	0.0197246896211837	-0.00416229765680748	0.00656906867973596	"ECB_01545"	1625982	31	180	0.0197246896211837
"381"	0.0355786734998177	-0.0330538062325323	-0.0269012495326368	"IR1316"	1628320	4	180	0.0197246896211837
"382"	0.019634275664666	-0.0212067974034967	0.0150558526605185	"ygjN"	3167065	6	181	0.019634275664666
"383"	0.0204263176305879	-0.00919072166279894	-0.0221811544948967	"IR2530"	3167369	4	181	0.019634275664666
"384"	0.0203789840759411	-0.00755008966815932	-0.0410128427907627	"uup"	1027708	15	182	0.0196108834742105
"385"	0.0196108834742105	-0.010748960370126	0.0100685176351778	"pqiB"	1031496	9	182	0.0196108834742105
"386"	0.0184796206492282	-0.0279183365900453	NA	"ybcS"	549272	9	183	0.0195317944401872
"387"	0.0307053027777738	NA	-0.0200544560872908	"IR556"	698474	8	184	0.0193097297950367
"388"	0.0193097297950367	-0.00269157770449877	-0.00169846899554532	"potE"	699955	22	184	0.0193097297950367
"389"	0.0192367293941267	NA	NA	"kpsF"	3012352	12	185	0.0192367293941267
"390"	0.0219991018121221	0.0181331433212911	NA	"kpsE"	3014292	11	185	0.0192367293941267
"391"	0.0192355877666346	NA	-0.0422834409360684	"ESCRE0522"	538436	7	186	0.0192355877666346
"392"	0.0200718172546562	NA	-0.00161244992012001	"ECB_00488"	538710	4	186	0.0192355877666346
"393"	0.0304715888519304	-0.00170429575552359	-0.0207787910389357	"ltaE"	925358	12	187	0.019214620062256
"394"	0.019214620062256	5.82235080511434e-05	-0.00171630369647893	"hcr"	928228	15	187	0.019214620062256
"395"	0.0159171898561785	NA	-0.000719660756387604	"IR1910"	2385319	5	188	0.019161900971862
"396"	0.019161900971862	-0.010058812733411	0.0069315399093112	"trmC"	2386126	18	188	0.019161900971862
"397"	0.0213451883023157	-0.0282650369218433	NA	"yfcL"	2387599	4	188	0.019161900971862
"398"	0.0192015223394898	-0.013718505305107	-0.0397321053059557	"IR3416"	4254201	2	189	0.0191615351492209
"399"	0.0191615351492209	-0.0389646569794902	-0.0199043749124355	"yjcC#1"	4255041	11	189	0.0191615351492209
"400"	0.0291184343875203	-0.0005661010979838	-0.0347776893593235	"betI"	301609	4	190	0.0191339832816419
"401"	0.025236293233293	0.0244444126598025	-0.00584408053790643	"appC"	1055908	10	191	0.0190300332005409
"402"	0.0190300332005409	-0.0031434419772359	0.0142595718660825	"appA"	1058638	16	191	0.0190300332005409
"403"	0.0475439945529917	-0.0157004318215869	-0.000556636411388963	"trxC"	2640385	3	192	0.0190118558096768
"404"	0.0190118558096768	-0.023081134293265	-0.0270588618486802	"yfiP"	2641253	11	192	0.0190118558096768
"405"	0.0188317736899442	-0.0153255273187895	-0.00644534678821207	"mutL"	4376939	17	193	0.0188317736899442
"406"	0.0280988408418425	NA	-0.00359245700509276	"hflK"	4380314	12	193	0.0188317736899442
"407"	0.0267241829382967	-0.0075882019187476	-0.00850046910696275	"yddM"	1526460	3	194	0.0186749977518577
"408"	0.0186749977518577	-0.0101232415229486	0.00437899294777875	"adhP"	1526767	13	194	0.0186749977518577
"409"	0.0186052963242746	-0.0155947331022305	0.00812268354400334	"mdoB"	4586399	18	195	0.0186052963242746
"410"	0.0263932538553881	-0.00418692233187485	-0.0346492506925808	"yjjA"	4588956	4	195	0.0186052963242746
"411"	0.0182688133664768	-0.0506785254656486	-0.0062032753474239	"ygbJ"	2756382	4	196	0.0185954729605752
"412"	0.0185954729605752	-0.009931896849685	0.0186007768437148	"ygbK"	2757631	11	196	0.0185954729605752
"413"	0.0267892083866903	-0.00566590941464329	0.00375273077494092	"ECB_02258"	2393967	8	197	0.0185435171865129
"414"	0.0185435171865129	0.0162237056558025	-0.00166538083929934	"ECB_02260"	2395102	17	197	0.0185435171865129
"415"	0.0280757709887795	-0.0431511878328146	-0.00179976228034211	"yfcS"	2395520	6	197	0.0185435171865129
"416"	0.0311068828045227	-0.0155320068779833	-0.00727061267178549	"yiaB"	3657923	5	198	0.0182681017020885
"417"	0.0182681017020885	-0.0161745432328032	-0.00500414861689556	"xylB"	3658403	22	198	0.0182681017020885
"418"	0.0223111534598123	0.00924128921911653	-0.00810426052062882	"xylF"	3661924	10	198	0.0182681017020885
"419"	0.0316993194969165	-0.0286403444658934	-0.0157890228652779	"ycjZ"	1390661	13	199	0.0182057316902553
"420"	0.0345803188215239	-0.0829893767713807	0.000309313143430195	"IR1110"	1391273	7	199	0.0182057316902553
"421"	0.0182057316902553	0.0337705724202839	-0.00040714187259646	"mppA"	1392750	19	199	0.0182057316902553
"422"	0.0225030676623296	-0.000697497410745776	NA	"ynaI"	1393648	6	199	0.0182057316902553
"423"	0.0173808219926444	-0.00116336894759001	-0.00202525671064058	"ybiB"	827933	12	200	0.0179972619452529
"424"	0.0258088893126733	-0.0492674770072245	NA	"IR648"	828955	5	200	0.0179972619452529
"425"	0.0179972619452529	0.0195507884133649	-0.00766983220223159	"ybiC"	829736	13	200	0.0179972619452529
"426"	0.037232403543894	NA	-0.00923301694949727	"IR649"	830099	8	200	0.0179972619452529
"427"	0.0171034366632107	-0.0136505141485188	0.00252867753945687	"ydfJ"	1599200	17	201	0.0179847425046612
"428"	0.0177601889509786	-0.0233321477012379	0.00838991918284736	"rsd"	4176286	12	202	0.0177601889509786
"429"	0.0175769061061774	-0.00951979897810587	0.00923758070141073	"nudC"	4176799	17	202	0.0177601889509786
"430"	0.0169461958290101	-0.00313775462725878	-0.0117386484582551	"yihU"	4051192	6	203	0.0176021171351214
"431"	0.0176021171351214	0.00336151897477789	-0.0144625541026802	"yihV"	4052515	8	203	0.0176021171351214
"432"	0.0344366992944666	-0.0498144588985491	NA	"IR446"	562300	2	204	0.0175208759206057
"433"	0.0175208759206057	-0.00457572656640774	-0.0157098801648029	"nfrA"	563334	52	204	0.0175208759206057
"434"	0.0174357156921171	-0.0364925082939297	-0.00450299569312936	"glpX"	4094094	11	205	0.0174357156921171
"435"	0.0232064155573645	-0.00389595402874518	-0.00768143994933315	"glpF"	4097018	20	205	0.0174357156921171
"436"	0.0307117214933581	-0.034511351746645	-0.00295512048565603	"ydhB"	1716780	9	206	0.0173595037939447
"437"	0.0173595037939447	-0.00939759009657445	-0.00765743894533776	"ydhC"	1717246	15	206	0.0173595037939447
"438"	0.0268028996827828	-0.0365293288448354	-0.0159624603652649	"IR3419"	4257107	3	207	0.0171439486665399
"439"	0.0171439486665399	-0.0153876005578108	-0.00357837482966163	"yjcD"	4257413	21	207	0.0171439486665399
"440"	0.0258448878586079	0.010619480044948	0.0117108228297362	"yjcE"	4258932	8	207	0.0171439486665399
"441"	0.0170101553072364	0.00302863981450064	-0.00654621904375362	"ccmH"	2241352	21	208	0.0170101553072364
"442"	0.0349002451019772	-0.00698943352619266	NA	"napD"	2252776	5	208	0.0170101553072364
"443"	0.0204039647733692	NA	NA	"IR1823"	2253505	3	208	0.0170101553072364
"444"	0.0169201293125	0.00764150065938941	0.00561013877613572	"eutB"	2485754	18	209	0.0169201293125
"445"	0.0163288126276087	NA	-0.0295760400698967	"eutA"	2486711	8	209	0.0169201293125
"446"	0.0185087697682606	-0.119154128503348	-0.0447396031964526	"yaiZ"	367252	8	210	0.0168436358742888
"447"	0.0168436358742888	-0.0105407894654522	0.00996634237976809	"ddlA"	367921	15	210	0.0168436358742888
"448"	0.0165972211497212	-0.00849658636563958	-0.00440045617388087	"ygcQ"	2783420	9	211	0.0165972211497212
"449"	0.0260840160788809	-0.0121422099547082	0.00707056278711229	"ygcS"	2785990	15	211	0.0165972211497212
"450"	0.019404351651264	NA	-0.0413039126439197	"IR1218"	1521524	4	212	0.0164566607796014
"451"	0.0164566607796014	-0.0101627658924999	0.0044761002969389	"ECB_01432"	1523594	41	212	0.0164566607796014
"452"	0.0201867469618845	-0.00420278485305299	-0.011126354272581	"fdnH"	1525493	6	212	0.0164566607796014
"453"	0.0163259306907556	-0.00716145376712	-0.000816892658625418	"ECB_02012"	2122145	18	213	0.0163259306907556
"454"	0.0241123358299748	NA	-0.00365789515266219	"IR1725"	2122373	4	213	0.0163259306907556
"455"	0.0204693173589769	-0.0160335153348364	-0.0814626987094281	"ECB_02013"	2122425	4	213	0.0163259306907556
"456"	0.0162036288105789	-0.00392359552780138	0.0315593962646323	"ygfF"	2931444	13	214	0.0162036288105789
"457"	0.0184458288746283	-0.0135558557413469	-0.045259447389653	"IR2337"	2931780	2	214	0.0162036288105789
"458"	0.0320649817937968	0.0227902428510552	-0.0397327367508398	"fkpA"	3405057	12	215	0.0160823143324621
"459"	0.0160823143324621	0.0405084460427514	0.0104165960173742	"IR2753"	3405328	13	215	0.0160823143324621
"460"	0.0159878349498284	-0.0319944508115389	-0.00637701180143736	"modB"	777046	5	216	0.0159878349498284
"461"	0.0207753992024519	-0.0147719681421651	-0.0133610080456495	"modC"	777556	6	216	0.0159878349498284
"462"	0.0269549920432022	-0.00237061463122397	-0.00748986366545	"ECB_03565"	3821994	22	217	0.0159863630193273
"463"	0.0159863630193273	0.0168405995093523	-0.00658508356136743	"ECB_03566"	3823523	21	217	0.0159863630193273
"464"	0.0273378968258801	-0.0146560046109899	-0.00392959604112768	"psiF"	371036	3	218	0.0155967900636887
"465"	0.0155967900636887	-0.0229247052410394	-0.00352896075125648	"yaiC"	372119	20	218	0.0155967900636887
"466"	0.0154586546544273	-0.0113768846652138	0.00602365328588359	"asnB"	680734	17	219	0.0154586546544273
"467"	0.0216206441994172	-0.00317563825365579	0.00765546546209962	"nagD"	681700	10	219	0.0154586546544273
"468"	0.0199410930357391	0.0493903612064314	NA	"yahO"	319345	6	220	0.0153115980811819
"469"	0.0153115980811819	0.00600541941772717	-0.0102824401639913	"prpR"	320566	26	220	0.0153115980811819
"470"	0.0151643547813615	-0.00672098123388013	0.00627909309487254	"yiaA"	3657546	9	221	0.0151643547813615
"471"	0.0191828260965241	NA	-0.024453064903384	"IR2937"	3657825	7	221	0.0151643547813615
"472"	0.0190834206912638	-0.0446087999649841	-0.00487004052576181	"yhjD"	3603577	7	222	0.0151597585767767
"473"	0.0151597585767767	-6.83294533909837e-05	-0.00232835361701413	"yhjE"	3604733	27	222	0.0151597585767767
"474"	0.0223506000500435	-0.0122405528269534	-0.0182283224853791	"ydjG"	1832882	16	223	0.0150901874619071
"475"	0.0150901874619071	-0.0269063694247837	0.013492544360004	"ydjH"	1833213	8	223	0.0150901874619071
"476"	0.0178866098121385	-0.0103702293302758	-0.0274871512388182	"ydjJ"	1835368	20	223	0.0150901874619071
